SampleNumber	0	50	51	52	53	54	55	56	57	58	59	60	61	62	63	64	65
SampleName	None	D15GOWT1_2	D15GOWT2_2	D15GOWT3_2	D15GOWT4_2	D15GOWT5_2	D15GOWT6_2	D15GOWT7_2	D15GOWT8_2	D15GOKO1_2	D15GOKO2_2	D15GOKO3_2	D15GOKO4_2	D15GOKO5_2	D15GOKO6_2	D15GOKO7_2	D15GOKO8_2
L8T1101	22.69092	4.905627	5.253003	5.516843	4.56167	5.226396	4.114258	3.913889	4.710312	5.059323	4.718487	4.891952	5.612568	4.894033	4.290845	5.541814	4.098056
L8T1102	15.82	5.273224	5.560938	6.062232	4.887756	5.658693	4.314397	4.613867	4.813296	5.298044	5.031667	5.222279	6.452382	5.14771	4.891675	6.431154	4.520684
L8T1103	25.6088	4.855931	4.462523	4.388628	4.410115	5.003284	3.987971	4.091127	3.672388	4.924236	4.35465	4.84344	5.974313	4.678705	4.472568	6.072578	4.198737
L8T1104	13.40529	5.376202	6.096297	6.14601	4.856315	5.765409	4.411846	4.679886	4.946341	5.543911	5.072717	5.214834	6.914912	5.073057	5.083475	6.84425	4.56925
L8T1105	18.43681	5.178881	5.677644	5.716446	4.288213	5.645247	4.001035	4.473554	4.682879	5.236768	4.711509	4.873118	6.718996	4.686647	4.734865	6.638003	4.299389
L8T1106	24.0997	4.443817	5.141366	5.460095	4.163473	5.14148	3.529213	4.239785	4.513047	5.127772	4.441875	4.233959	6.38818	4.370818	4.335861	6.485855	3.883699
L8T1107	42.1233	2.801831	4.636839	4.953316	3.745803	4.662609	2.103499	2.379227	4.131339	4.515605	2.637181	2.921287	5.423017	3.759767	3.594864	3.389592	2.220925
L8T1108	100	0	0	0	0	0	0	0	0	0	0	0	0	0	0	0	0
L8T1109	32.15948	4.18025	5.129141	4.530741	3.471181	4.717886	3.246608	3.625748	4.003503	4.684385	4.24679	3.521779	5.952807	3.733876	3.701299	5.939638	3.154884
L8T1110	32.51238	4.200978	4.891098	4.426206	3.226058	4.912406	2.852357	3.752583	4.124222	5.255862	3.973458	3.583949	5.91253	3.809864	3.929238	5.704028	2.93278
L8T1111	81.08292	1.771142	0.8522385	1.133303	0.6442038	2.909135	0.4746941	1.575837	0.6344889	1.751377	0.8351535	1.004663	1.701797	0.5232691	1.231793	0.9678133	0.9061734
L8T1112	19.00565	4.913116	6.396988	5.025022	3.884477	5.640952	3.645446	4.284653	4.640514	6.246587	4.911326	4.075613	7.542905	4.371044	4.643647	7.201816	3.570246
L8T1113	25.37829	4.650573	5.367501	4.630848	3.34231	5.721739	2.72803	4.43159	4.227501	6.101336	4.242395	3.930425	6.682205	3.948539	4.500022	6.715213	3.401484
L8T1114	47.24823	3.599392	3.424412	3.581206	2.600626	3.854982	1.876127	2.910283	3.201262	4.558837	2.469882	2.864572	4.002438	2.913232	3.510428	4.900934	2.483153
L8T1115	18.45667	4.907018	6.803398	4.756511	3.697865	6.038621	3.531543	4.774878	4.45907	6.252902	5.388638	3.991225	7.118186	4.253973	5.071809	6.94217	3.555522
L8T1116	14.09155	4.977186	7.02965	4.727279	3.740548	6.907115	3.651871	5.017494	4.487045	6.857134	5.849443	4.042049	8.259839	4.125889	5.330281	7.413379	3.492253
L8T1201	13.89443	5.380868	5.604283	6.011506	5.199821	5.70208	4.613143	4.704782	4.962601	5.334465	5.2235	5.368763	6.426269	5.5033	5.025994	6.537339	4.506851
L8T1202	100	0	0	0	0	0	0	0	0	0	0	0	0	0	0	0	0
L8T1203	15.02322	5.272836	5.797219	6.108249	5.018097	5.552454	4.437652	4.697093	4.871123	5.213107	4.906892	5.238443	6.538166	5.176764	5.09422	6.492308	4.562156
L8T1204	16.72885	5.24646	5.652853	5.901352	4.754925	5.467112	4.27405	4.599563	4.884171	5.272043	4.978908	5.11335	6.316272	5.150658	4.895764	6.361841	4.40183
L8T1205	17.01245	5.239414	5.746381	5.969699	4.72119	5.770919	4.311474	4.347043	4.90106	5.244817	5.224556	4.810788	6.304	5.037257	4.829473	6.188064	4.341415
L8T1206	30.27533	2.812982	4.926048	5.475638	4.252627	3.258718	3.640697	4.084307	4.141122	3.108534	4.47422	4.564472	5.678104	4.741718	4.536419	6.074959	3.9541
L8T1207	78.70017	1.219065	1.584467	1.50891	1.350019	1.828121	1.11954	1.277637	1.033666	1.391925	1.37367	1.126207	1.770819	1.593356	1.088746	1.063031	0.9706488
L8T1208	100	0	0	0	0	0	0	0	0	0	0	0	0	0	0	0	0
L8T1209	55.30267	3.683205	2.989856	3.930346	2.165568	3.017397	1.921325	2.007571	2.472139	2.382028	2.42189	2.208328	4.248755	2.463925	2.375988	4.543489	1.865519
L8T1210	100	0	0	0	0	0	0	0	0	0	0	0	0	0	0	0	0
L8T1211	61.95506	1.365625	2.797315	2.577768	2.189431	1.568253	1.768464	1.923154	2.923807	1.950145	2.459333	1.942088	3.800385	3.177596	2.294169	3.750433	1.556974
L8T1212	50.00881	4.136534	3.083379	3.665217	2.603654	3.267181	1.594948	2.06226	3.623571	3.945524	1.97096	2.752216	3.531871	3.352875	2.823094	5.32864	2.249265
L8T1213	14.32558	5.376416	6.744238	5.51091	4.368547	6.116971	4.023104	4.689436	4.879179	6.214633	5.43892	4.351805	7.506557	4.698923	4.961214	6.822925	3.970646
L8T1214	25.60149	4.209617	5.849652	4.535279	3.672889	5.449371	3.508725	4.053982	4.457994	5.729727	4.88386	3.95591	6.855952	4.575787	3.895149	5.800616	2.964001
L8T1215	38.459	3.932338	4.757103	3.784673	2.80564	4.743897	2.806841	3.595589	3.351281	4.70548	4.019977	3.131584	5.174887	3.377693	3.607595	5.127466	2.618958
L8T1216	17.46429	4.865393	6.373305	4.776125	3.936113	6.298808	3.684366	4.694564	4.655389	5.993115	5.682927	4.07483	7.287171	4.539149	5.112002	6.908267	3.654182
L8T1301	12.80791	5.486766	5.909455	5.844832	5.149634	5.695198	4.569301	4.655951	5.074089	5.758729	5.250482	5.256308	6.882077	5.39593	4.94994	6.906834	4.406561
L8T1302	100	0	0	0	0	0	0	0	0	0	0	0	0	0	0	0	0
L8T1303	3.450812	5.87081	7.068971	6.388638	5.477821	6.456618	4.830132	5.153169	5.425625	6.449623	5.806777	5.608937	8.103013	5.610551	5.571449	7.783922	4.943132
L8T1304	15.15198	5.360862	5.932987	5.727794	4.625102	5.957989	4.098327	4.445257	4.876505	5.708482	5.176707	4.866504	7.145173	4.952375	4.85978	6.93498	4.179197
L8T1305	30.35053	4.265057	5.257254	5.027989	3.865609	5.244624	2.918366	3.45396	4.340622	4.978112	4.169155	3.889156	5.54132	4.305944	3.943315	5.154502	3.29448
L8T1306	21.8965	4.87885	5.585107	5.227262	4.192532	5.346544	3.697137	4.313246	4.53187	5.333529	4.747747	4.44805	6.518585	4.334261	4.3942	6.756074	3.798508
L8T1307	48.8849	2.563408	4.074988	2.907824	2.386442	3.365535	2.867492	2.532139	3.422749	3.951949	3.173954	2.744907	5.32191	3.613991	2.063552	4.400257	1.724007
L8T1308	54.89657	2.119067	2.82445	2.344056	1.996017	2.589044	1.471181	2.082957	4.116333	4.53548	2.313502	1.882967	5.253641	3.284289	3.349842	3.161378	1.779222
L8T1309	100	0	0	0	0	0	0	0	0	0	0	0	0	0	0	0	0
L8T1310	74.69868	1.816394	1.90537	1.363905	1.215222	1.888394	1.022929	1.334051	1.400491	1.892491	1.378832	1.273173	2.282346	1.183905	1.467808	2.717274	1.158734
L8T1311	27.483	4.925406	5.566668	4.226271	3.316619	5.927111	3.181841	3.997887	3.461495	5.90303	4.985221	3.570249	6.604495	3.085516	4.648859	5.891378	3.224954
L8T1312	63.56975	2.093989	3.733534	2.167055	1.425838	2.483814	2.085542	1.928007	1.787788	2.591512	3.156188	1.741753	2.850409	1.83678	2.333881	2.735109	1.479054
L8T1313	50.77764	3.809173	2.164667	3.208988	2.01222	4.51179	1.066328	3.11696	2.658019	4.819084	1.59209	2.615205	4.51139	2.667622	3.152571	5.167191	2.149062
L8T1314	20.43411	4.637453	6.629266	4.286417	3.411581	5.970382	3.349553	4.46607	4.342932	6.553912	5.199388	3.869675	7.925896	3.916082	4.682941	7.15628	3.168061
L8T1315	26.91894	3.911325	5.451015	3.507181	3.03798	5.740816	3.198652	4.297726	3.329752	6.544175	5.173043	3.845282	7.474692	3.833453	4.38644	6.570789	2.778736
L8T1316	15.14477	4.835141	7.243209	4.425199	3.442425	6.637799	3.322972	4.847358	4.577231	6.830553	5.975376	3.712552	8.641355	4.027474	5.471772	7.634147	3.230667
L8T2101	100	0	0	0	0	0	0	0	0	0	0	0	0	0	0	0	0
L8T2102	100	0	0	0	0	0	0	0	0	0	0	0	0	0	0	0	0
L8T2103	15.33187	5.159806	5.703481	6.037612	4.900428	5.602731	4.255317	4.698438	4.898564	5.28822	5.113797	5.064648	6.589036	5.201303	4.983715	6.535571	4.635458
L8T2104	19.35253	4.93031	5.438063	5.852248	4.573805	5.394595	4.026256	4.349005	4.744477	5.042236	4.66074	4.830702	6.509118	4.890988	4.752531	6.346262	4.30613
L8T2105	49.06626	2.298559	4.182457	4.871017	3.476337	4.083145	1.363016	3.733684	1.429079	2.659391	4.479816	2.337708	2.534748	2.74906	1.680381	5.218032	3.837313
L8T2106	100	0	0	0	0	0	0	0	0	0	0	0	0	0	0	0	0
L8T2107	52.7259	4.078355	2.122262	2.009214	3.350624	4.230464	1.588935	3.237909	1.789588	2.005642	3.4928	1.680669	5.515517	1.506129	3.018507	4.989554	2.657934
L8T2108	100	0	0	0	0	0	0	0	0	0	0	0	0	0	0	0	0
L8T2109	92.64505	0.3724532	0.3463457	0.3509777	0.6996393	0.4107723	0.2332833	0.3513988	0.3391872	0.4480387	0.3648736	0.4741462	0.5478368	0.6278437	0.799648	0.6166848	0.3718216
L8T2110	100	0	0	0	0	0	0	0	0	0	0	0	0	0	0	0	0
L8T2111	16.99308	5.370939	6.050955	5.493287	4.344041	6.04729	3.72726	4.177244	4.91958	5.938689	5.352151	4.344957	7.203409	4.644183	4.742244	6.751592	3.899097
L8T2112	100	0	0	0	0	0	0	0	0	0	0	0	0	0	0	0	0
L8T2113	100	0	0	0	0	0	0	0	0	0	0	0	0	0	0	0	0
L8T2114	100	0	0	0	0	0	0	0	0	0	0	0	0	0	0	0	0
L8T2115	45.65774	3.504205	3.485507	3.34599	3.206474	4.036859	2.517044	2.906347	2.867033	4.151445	3.698856	2.85265	4.510543	3.029562	3.273595	4.55561	2.400541
L8T2116	0	0	0	0	0	0	0	0	0	0	0	0	0	0	0	0	0
L8T2201	100	0	0	0	0	0	0	0	0	0	0	0	0	0	0	0	0
L8T2202	19.57772	5.053175	5.53028	5.460057	4.796272	5.39373	4.219624	4.367656	4.574224	4.977211	4.947584	4.681762	6.296888	5.145233	4.578632	6.300783	4.099169
L8T2203	12.37957	5.439045	6.088011	6.228811	5.107351	5.826401	4.515565	4.655732	5.093183	5.406534	5.308619	5.414377	6.581884	5.468647	5.177814	6.507246	4.801211
L8T2204	16.29005	5.194868	5.625602	5.959201	4.8589	5.518765	4.253752	4.611268	4.836788	5.27666	5.029141	4.946672	6.672202	5.235482	4.87853	6.396704	4.415418
L8T2205	100	0	0	0	0	0	0	0	0	0	0	0	0	0	0	0	0
L8T2206	100	0	0	0	0	0	0	0	0	0	0	0	0	0	0	0	0
L8T2207	14.96553	5.260632	5.939678	5.908425	4.849606	5.627989	4.325984	4.64746	4.936946	5.437313	5.05112	5.066063	6.885586	5.106997	4.986089	6.674706	4.329878
L8T2208	100	0	0	0	0	0	0	0	0	0	0	0	0	0	0	0	0
L8T2209	100	0	0	0	0	0	0	0	0	0	0	0	0	0	0	0	0
L8T2210	31.11559	4.483055	4.720484	4.497929	3.611564	5.015755	3.102552	3.777654	4.01343	4.983529	4.289145	3.589253	5.871821	4.070722	3.785917	5.805165	3.266438
L8T2211	100	0	0	0	0	0	0	0	0	0	0	0	0	0	0	0	0
L8T2212	100	0	0	0	0	0	0	0	0	0	0	0	0	0	0	0	0
L8T2213	100	0	0	0	0	0	0	0	0	0	0	0	0	0	0	0	0
L8T2214	27.44854	4.34578	5.81375	4.49064	3.676844	5.152195	3.017134	3.99332	4.289497	5.188179	4.880007	3.619638	6.162519	4.223065	4.3873	6.184663	3.126932
L8T2215	100	0	0	0	0	0	0	0	0	0	0	0	0	0	0	0	0
L8T2216	0	0	0	0	0	0	0	0	0	0	0	0	0	0	0	0	0
L8T2301	100	0	0	0	0	0	0	0	0	0	0	0	0	0	0	0	0
L8T2302	100	0	0	0	0	0	0	0	0	0	0	0	0	0	0	0	0
L8T2303	6.651625	5.922615	6.741553	6.285921	5.430013	6.279526	4.672025	4.60368	5.387247	6.128648	5.925412	5.450996	7.489149	5.649835	5.295521	7.114452	4.971783
L8T2304	100	0	0	0	0	0	0	0	0	0	0	0	0	0	0	0	0
L8T2305	100	0	0	0	0	0	0	0	0	0	0	0	0	0	0	0	0
L8T2306	100	0	0	0	0	0	0	0	0	0	0	0	0	0	0	0	0
L8T2307	100	0	0	0	0	0	0	0	0	0	0	0	0	0	0	0	0
L8T2308	36.28886	4.877533	2.589542	4.554668	3.538293	5.233108	1.658431	3.444208	3.905077	5.186617	2.213385	3.971414	5.493312	4.143597	3.917021	5.61441	3.37052
L8T2309	21.9946	5.001943	5.813535	4.879131	3.975608	5.560101	3.632195	4.021574	4.383444	5.577493	4.72597	4.079076	6.97972	4.524182	4.401902	6.931269	3.518256
L8T2310	100	0	0	0	0	0	0	0	0	0	0	0	0	0	0	0	0
L8T2311	100	0	0	0	0	0	0	0	0	0	0	0	0	0	0	0	0
L8T2312	100	0	0	0	0	0	0	0	0	0	0	0	0	0	0	0	0
L8T2313	49.81087	3.578543	3.234158	3.645485	2.557485	4.695578	2.337304	2.801055	1.747736	4.34716	3.367234	1.738864	6.082798	2.899451	2.056634	3.569672	1.529974
L8T2314	100	0	0	0	0	0	0	0	0	0	0	0	0	0	0	0	0
L8T2315	76.63612	1.127873	1.472814	1.41736	1.432398	1.32525	0.6400677	1.201184	1.695568	1.492551	1.399502	1.302693	1.451196	1.465294	2.118521	2.468161	1.353447
L8T2316	0	0	0	0	0	0	0	0	0	0	0	0	0	0	0	0	0

### Most Popular Unknown Index Sequences
### Columns: Index_Sequence Hit_Count
NNNNNN	6978484
NGNNNN	1388389
NTNNNN	1281325
NCNNNN	1059928
NANNNN	802062
NNTNNN	359436
NNGNNN	329206
NNNTNN	305397
NNANNN	299253
NNCNNN	232559
NGNTNN	219274
NNNCNN	211755
NNNGNN	198571
NTNGNN	178058
NNNANN	161587
NGNCNN	149568
NANCNN	141912
NCNTNN	140487
NTNTNN	105618
NCNGNN	97577
NGCTCC	92270
NTGGTA	87387
NTNANN	83239
NGGTCC	74890
NGTCCA	74851
NANANN	71912
NGTTAC	70875
NGCTGT	67720
NTGTNN	67588
NTCTCA	67163
NCNANN	67047
NTGTCC	63622
NGTTNN	61393
NTTGNN	61061
NTCGTA	60179
NGACAA	59106
NGATNN	57901
NTTGTC	57446
NCAGNN	57165
NGTCNN	56940
NGTGTA	54411
NGGTGT	54031
NTAGNN	53034
NATCCG	52699
NTGACG	52640
NCTTGC	52068
NCTTNN	51970
NATCNN	51723
NAGCAG	51682
NCGGTG	51166
NTAGTC	49458
NGGCAA	49198
NTGTAA	49115
NCAGGG	48733
NAGCNN	48653
NAGCGT	48576
NGTTGT	48444
NTTGGA	48216
NTCANN	46528
NCGTNN	46022
NTGTNA	45802
NGACNN	45528
NAGCTG	45492
NAGCTC	45108
NGCCAA	44018
NCTGTG	43647
NGTCAG	42891
NCGAAT	42548
NGCTNN	42423
NGATGG	42234
NTCAAG	42113
NAGATT	42110
NCTTCC	41975
NCCACT	41705
NTAACG	41604
NCCGTG	41557
NCGTCA	41449
NTGTGA	41053
NGCTGC	40438
NTATCA	40157
NGTTGC	40088
NTTGNA	39422
NGAGGT	39195
NAGANN	39081
NGATAT	39029
NTAGAC	38752
NCGTGA	38747
NCCANN	38466
NATCGG	38001
NGTCGA	37882
NGATAC	37637
NTCGGC	37344
NTTGTG	37320
NGGTAC	37165
NGTTCA	37096
NCGTAC	37032
NGATNT	36841
NTGGGC	36696
NACCTT	36486
NGACGT	36228
NTAGGA	35799
NGATGC	35700
NCTGTA	35330
NACATC	34779
NGTTNC	34612
NGNGNN	34594
NGAGNN	34449
NGGCCA	34440
NTTACG	34202
NTTTCA	34180
NCTTGT	34009
NGACGA	33817
NCAGNG	33421
NCTAAT	33254
NCGTGC	33180
NTAGGG	33060
NGACCC	32897
NCTTTA	32878
NCCTCC	32811
NTAGTA	32674
NGCTNC	32619
NGCCCA	32369
NATCNG	32314
NCTTNA	32070
NCTCAG	31970
NCTTAA	31935
NGTCNA	31895
NTGTTA	31740
NAGAGC	31706
NCTTGG	31700
NATCTG	31600
NCCAGT	31251
NTTGTT	31137
NTAGNC	31012
NCAAAT	30995
NGAGGC	30776
NGGTCA	30468
NCAGTT	30460
NACCAG	30419
NCCAAG	29964
NAGCNT	29765
NGATCC	29407
NTCACT	28979
NGACTA	28963
NGATTT	28929
NCAGCG	28872
NATCTT	28862
NGACNA	28788
NATCAT	28728
NCGTNC	28674
NGGTNN	28395
NAGATA	28173
NGCTAA	27999
NCAGTC	27896
NTGGCA	27713
NTAGGT	27664
NTAGCC	27623
NCCTAC	27579
NAGATG	27503
NAGTNN	27459
NGTTGA	27456
NATCAC	27334
NTNCNN	27102
NGATCT	26859
NGTGNN	26780
NTCATG	26663
NGTTTC	26640
NCTTCA	26595
NTCANG	26490
NGTCTA	26489
NCGCTT	26298
NTCAGG	25827
NGCTAT	25756
NGCACG	25698
NTTTNA	25686
NTAGTG	25537
NCNCNN	25527
NANTNN	25209
NGNNCN	25064
NTNNCN	25058
NAGCAT	24952
NTTGCA	24444
NGTTAA	24289
NCAGAG	23929
NGTCAC	23897
NATCAA	23823
NTTGGC	23771
NGAGTG	23700
NAGCCT	23601
NTTTNN	23310
NAGANC	23225
NCTCNN	23067
NCATGT	22837
NTTCNN	22732
NGTTCT	22685
NGATCA	22621
NGCANN	22331
NCGTTC	22311
NGTTNA	22294
NCGTCT	21995
NGNNTN	21792
NTNNTN	21691
NAACTT	21532
NGCTAG	21453
NCGTCG	21358
NCTGNN	21270
NTCACC	21200
NGTTCG	21045
NGNANN	21042
NAGTCC	20919
NGNNGN	20874
NCCANT	20639
NTNNGN	20453
NATATC	20451
NTTCAG	20301
NTGGNA	20247
NCTCAA	20232
NGCAAT	20101
NTNNAN	19904
NATGTA	19879
NGNNAN	19792
NGACCG	19790
NCNNCN	19780
NAAGTG	19555
NTATNC	19476
NAGTNC	19296
NCATCC	19266
NATTNG	19252
NGATNA	19159
NGAAGT	18824
NTGTCT	18742
NCCATT	18644
NTGCNA	18503
NGACCT	18486
NTGCCA	18466
NTGTCG	18436
NAGTNT	18213
NCACCA	18173
NATTNN	18005
NGGCTT	17928
NTACCA	17908
NGCTTC	17890
NAGACC	17869
NTCTNG	17868
NTTTGA	17840
NCGATC	17766
NTGCNN	17691
NAGCTA	17653
NAGTTC	17642
NTTCNA	17591
NCTGGA	17333
NTTGAA	17208
NCCTGA	17029
NTCCCG	16974
NCGGCC	16911
NCATNG	16898
NCNNTN	16876
NTGGTC	16704
NGCGAC	16604
NCNNGN	16347
NCNNAN	16099
NCATNN	16077
NANNCN	16005
NACAAT	15971
NTCTCG	15901
NGCCAC	15452
NGATGA	15431
NTCTNN	15425
NTCAAT	15412
NATTAG	15378
NTATNN	15220
NAAATC	15214
NTGGNN	15185
NTCTAC	15175
NCCACG	15129
NTGCTT	15097
NCCTNT	15012
NGACNT	14994
NCGCNN	14890
NCCAAC	14877
NGGCNN	14850
NCCTNN	14673
NGTCAT	14667
NCAGGC	14519
NTATGT	14403
NTGANN	14370
NACTAC	14290
NTTCAA	14270
NGAGNT	14261
NTGACA	14239
NCTGNA	14118
NATGNN	14081
NGTGNA	14023
NTTTCC	13969
NCACNN	13687
NAGAAC	13646
NANNTN	13552
NCTCNA	13334
NGTCCC	13284
NANGNN	13276
NGTGNC	13112
NTGANA	13095
NTATGC	13073
NANNGN	13064
NAAGNN	13004
NAACAG	12947
NCACNG	12932
NAACCA	12806
NCTCGA	12801
NTACNN	12654
NANNAN	12622
NGGATC	12508
NTCCNG	12453
NTGATC	12436
NATAAG	12412
NGCGNC	12296
NCGCCC	12118
NGTGCC	12099
NCGANN	12061
NATGNG	12053
NTACGC	11968
NGTCNC	11941
NACANN	11920
NCCCAT	11656
NGAACA	11636
NGAANT	11624
NTTANA	11570
NTCGNG	11562
NCAGTA	11499
NTACNC	11435
NGAGNA	11351
NCGGNC	11311
NATTCC	11302
NCCTAT	11263
NAGTTT	11263
NAGGNN	11249
NTAGCA	10963
NGCCNC	10886
NCGACC	10818
NAGCNC	10589
NTTCTA	10573
AGNTNN	10530
NAATGT	10390
NTCACA	10304
NATTGA	10289
NTAANC	10232
NGGTGC	10136
NAGGNC	10036
NGGTTC	10025
NCAANG	10013
NAGGTC	9993
NATANG	9968
NCGGTC	9751
CTNGNN	9743
NGTANC	9661
CGNTNN	9637
NGGANN	9619
NGCANC	9610
NAGGNT	9465
NCCCNT	9454
NCGCNC	9382
NGTAAA	9280
NGTGAA	9201
TTNGNN	9200
NAGANT	9194
NCGANC	9085
NCGGNN	8942
NACACG	8925
NTGNNN	8921
NGAANN	8807
NTTTTA	8802
ATNTNN	8785
NGGNNN	8672
NAGGTT	8640
NCGTGT	8589
NTGGCC	8575
NCACTG	8566
NTCTCC	8529
NTCGNN	8398
NCTANA	8380
NGCCNN	8359
NTCGTC	8328
NGCTCA	8276
NCTTAC	8266
NAGCCG	8214
NGGCTA	8172
NAACNN	8070
NTTNNN	8053
NGGTCT	8002
TANCNN	7980
NCCGNT	7975
NCATGA	7954
NGAGCA	7856
NTAAGC	7853
TGNCNN	7847
NTTGCC	7840
NAAGGC	7823
NGTNNN	7790
NGTANA	7781
NTCGAC	7725
NGAGGG	7708
GANCNN	7701
NGTGTC	7631
GGNTNN	7630
NGTTAT	7612
NAGTCA	7565
ATNGNN	7562
NGCTCG	7547
NGCAAC	7474
ACNTNN	7388
NATGAG	7350
NCCAAA	7336
NCTTTC	7319
NGTTAG	7256
NTCGCG	7197
NCAGGT	7165
ACNGNN	7128
NGAANA	7125
NTCCNN	7106
NGTGGA	7095
NGGTNC	7078
NGTANN	7050
NGANNN	7043
NTGGGA	7039
NCTGGG	6954
NCGGCG	6837
NAATNN	6817
AGNCNN	6806
NTCGTG	6805
NTANNN	6777
NGCTCT	6741
NTGACC	6675
NCTCTT	6653
NTTANN	6605
NTGTGC	6580
NCGNNN	6562
NACTNN	6560
NATNNN	6558
TGNTNN	6510
NGCGNN	6462
NCTNNN	6423
NAGCAC	6408
NGACAT	6397
NGATNC	6291
NTGTAC	6248
NAACGT	6236
NTNGTA	6228
NTGGTT	6138
NAGTGT	6100
NAGCCC	6070
NTCTAA	6048
NGCAGT	6038
NTGTNC	6015
NGCNNN	6010
NGACAC	5998
NCCGNN	5936
NTCNNN	5935
NCGATT	5917
NTATGA	5898
ATNANN	5884
NGAGTA	5864
NTAGCG	5861
NGGTTT	5860
NGGTNA	5855
NCGTAA	5853
NAGGTG	5792
NCTTAG	5788
NTNTCA	5783
NGTCCG	5783
NTTTAA	5756
NCGACT	5749
NAGCCA	5718
NCATCA	5715
NAGGTA	5680
NTAANN	5659
NTCAAC	5579
NCAANN	5573
NCTTNC	5535
NATGTG	5460
NATANN	5424
CCNTNN	5418
NGGTAA	5393
NACCAT	5393
NCTCTG	5392
NCATGC	5391
NCAGCC	5379
NCCCNN	5373
NGAGTT	5358
NATCGT	5345
NGTACC	5336
NCTANN	5332
NCTGAG	5328
NCANNN	5317
NAGNNN	5306
NGTTNT	5297
NCCGAG	5276
NGGCCC	5243
NATCTA	5238
NGATTC	5226
NGACTT	5166
GTNGNN	5154
NAACTG	5152
NCGTTA	5136
NCTGTC	5133
NTTCCG	5126
NCTAGA	5115
NTGTTC	5111
NGTCGT	5111
NTGATG	5097
NGTTTT	5077
NGGCNA	5035
NAGCAA	5012
NCCTGC	4994
NCGTNA	4977
NAGTAC	4949
NCTGTT	4925
NCAAGT	4913
NTTTNC	4896
NCGTTT	4845
NACATT	4794
NTAGNA	4778
NCTGNG	4775
NCTTCG	4757
NGACGC	4741
NGCCAT	4696
NTCGCA	4666
NTGTGT	4640
NTATCC	4629
AANCNN	4629
NTAGAA	4625
NGGCGT	4621
NCGGTA	4574
NAGCGG	4537
NGGCGA	4530
NTGGTG	4527
NCAATG	4505
NTTATA	4488
NCCNNN	4424
NGTTTA	4398
NGACAG	4372
NTATNA	4356
CANANN	4339
NCTCAT	4338
NGATAA	4337
NTAGTT	4326
NGCCAG	4313
NGCTGG	4310
NACAAC	4306
NCCTGT	4255
NGAGAC	4237
NGTTGG	4236
GGNCNN	4231
NAGAGT	4230
NCTGCG	4228
NCNGTG	4223
NTAAGG	4194
CTNTNN	4190
NCTCTA	4178
NCGCCA	4178
NGGCAC	4169
NGTCTT	4143
NGNTCC	4142
NATCCC	4132
NGCTNA	4122
NCATTG	4120
NGCTNT	4110
NAGAAT	4097
NTTGAC	4094
NCCGCG	4076
NCGTAT	4040
NGGTAT	4029
NGTGCA	4016
NAGACA	3973
NGAGGA	3966
NTCGGA	3959
NTTGNC	3958
NCCATG	3947
NGGTNT	3933
NGCAAG	3918
NCTAGT	3907
NAACCG	3906
GCNTNN	3896
NAANNN	3889
NCGGTT	3878
NCATGG	3867
NGCCNA	3860
NGAGCC	3860
NTTATG	3859
NGNTCA	3836
NACATG	3834
NTGCAA	3824
NTCGCC	3798
GCNANN	3794
NCCTCG	3785
CANCNN	3765
NTTAAG	3762
NCCTNC	3758
TCNTNN	3756
NTTGNG	3740
TTNTNN	3737
NAGTGC	3732
NCCGAT	3726
NCTTAT	3719
NATCGA	3704
NTTGGT	3692
CGNCNN	3679
NATGTC	3673
NGNTGT	3661
NGATCG	3661
NTTCCA	3659
NGNCAA	3659
NTTAGG	3656
TCNGNN	3645
NACAAG	3643
NTCTNC	3639
NGTCNG	3636
NTCTNA	3634
NTCCAG	3631
CCNGNN	3624
NTGGAA	3621
NTCGTT	3619
NGCCTA	3606
NGGCAT	3604
NTTTCG	3600
NTAGNG	3587
NGGTGA	3583
NTTTGC	3576
NATCTC	3576
NCTCNG	3575
NTGGNC	3570
NTGCTA	3566
NGCGTC	3562
NACCTG	3560
NTGATA	3559
NACNNN	3555
NCCACC	3539
NGACGG	3527
NCATNC	3517
NATCCT	3505
NCCGTC	3482
NAGCNG	3481
NCTTNT	3466
NCCGAC	3464
NACCCG	3461
NGAGNC	3457
NTNGGC	3404
NGNCCA	3391
NTTCNG	3388
NTNTGA	3386
NGCACT	3367
NGCCCC	3365
NGTGTT	3361
NCATNA	3359
NCTCGG	3356
GTNTNN	3353
NCGCTG	3346
NGAGTC	3338
NACCAC	3338
NATTGG	3336
NTACNA	3313
NGCCCG	3306
NANCAG	3305
NCTTTG	3284
NCTCCA	3273
NTNGGA	3270
NCAACT	3270
NCGTNT	3268
NGTCNT	3256
NGCCGA	3242
NTAATG	3237
NAGCGC	3211
NGCTGA	3193
NGCACC	3188
NCGGCA	3168
NTATAA	3156
NATTCG	3152
NTCAGC	3151
NTCGNA	3138
NATTNC	3125
NAACGG	3114
NTATTA	3109
NGCTTT	3096
NTGTTT	3063
NTCTGA	3058
NTCAGT	3053
NGGGNA	3037
NCGGNG	3035
NCTTCT	3032
NAACCT	3031
NTTANG	3026
NCTATT	3019
NCCGTT	3016
TGACGT	3015
NAAGGT	3008
NGGGNN	3006
NGAGNG	3000
NAGTNA	2990
NTGGAC	2983
NCGATG	2982
NAACTA	2981
NTCGAA	2968
NATACC	2966
NAGACG	2959
NCGCTC	2952
NCTTTT	2947
NGATAG	2946
NCGCCT	2945
NATTAC	2943
NCCTCT	2941
NGAGCG	2928
NCGGGG	2928
NCCTCA	2907
NCTACT	2903
NCGCNA	2895
GCNGNN	2886
NCTCGT	2884
TTNCNN	2883
NCATAC	2883
NGCGTA	2876
NAGTCT	2875
TTNANN	2873
NGNTAC	2872
NCTCCG	2869
CTNANN	2866
NGGCNT	2864
NCTGCC	2857
NAGTTA	2843
NCGAAC	2838
NTGTNT	2837
NCAATT	2826
NGACTG	2812
NCGGAG	2802
NGACNG	2792
NTCGGG	2785
NTCTGC	2782
NCCTTC	2781
NGGCCT	2773
NGTCCT	2770
NTCTTA	2769
NCGCGT	2768
NCACTT	2768
NATCCA	2768
NTACGA	2766
NATTTC	2764
NGNTGA	2752
NGNTGC	2750
NCGAGT	2742
NGCACA	2740
NCGCNT	2739
NGTGNG	2730
NACCNN	2728
NTGCCG	2725
NATTNA	2723
NGAACG	2722
NCCTAA	2717
NTTGGG	2699
NAAGTC	2693
CTGGTC	2693
NGAAAT	2688
NGACTC	2687
NGTGTG	2684
NCCTNA	2674
NATCNA	2670
NTNTCG	2654
NCNTGA	2651
NTAGAG	2648
NTGTAT	2640
NGTCGG	2639
NTGAAG	2637
NCGTAG	2631
NCACNA	2629
NGGACC	2627
NTTCGA	2626
NCAGNA	2626
GTNANN	2617
NTCGNC	2616
NTCATT	2615
NTACCG	2615
NTTGAG	2613
NGGCTC	2612
NAGGCA	2611
ACNANN	2610
NATATA	2609
NAGCNA	2606
NGTCTC	2603
NCGGNA	2598
NCATNT	2591
NCTTNG	2586
NACCCT	2585
NCCGNG	2583
NGNGTC	2577
NTGACT	2574
NACGAC	2567
NGCAAA	2555
NACCGT	2551
NCCTAG	2549
NCTCNT	2548
NAACAT	2540
NGNCAC	2539
NTGANC	2531
NTACGT	2531
NTGANG	2527
NTCATC	2519
NGTCGC	2519
NATTGC	2515
NATAGC	2497
NGTGGT	2490
NCATCG	2476
NTAAGT	2465
NCTGAA	2464
NCATTC	2459
NCGCAT	2454
NTNCCA	2451
NGGGCA	2450
NAAAGC	2448
AANANN	2447
NGNTCT	2446
NGGGNC	2445
NGCGNA	2442
NATAAC	2439
NTAAAG	2430
NCACAG	2429
NACTNC	2424
NGTGGC	2423
GANANN	2421
NCTGNC	2415
NTNACG	2412
NCTGGC	2407
NATATG	2405
NTGCNG	2399
NTACNG	2397
NCCGGG	2396
NCTANG	2394
NCCACA	2392
NTGAGC	2390
NCCANG	2388
NATGGA	2388
NCNTCC	2386
NTAANG	2385
NCAGGA	2383
NTTCTG	2376
NAAAGT	2374
NGAGAG	2369
NAGAAG	2368
NCGTTG	2367
NTGCNT	2360
NACTTC	2359
NACACC	2356
NTGCCT	2353
CGNGNN	2343
NGCANT	2339
NTACAC	2338
NCACCG	2335
ATNCNN	2332
NATGNA	2331
NTNCAA	2329
NGCGGC	2323
NCGCNG	2320
TANANN	2319
NTTGCG	2315
NGNGTA	2311
NCTANT	2304
NTCCNA	2299
NTGGNG	2293
NGGCNG	2292
NCAGNC	2284
NTGAGG	2272
NCCCTT	2268
AGNGNN	2263
NAATNC	2253
NCGCAA	2250
NCGCAC	2231
NTTTNT	2227
NTGCGT	2226
NTATNT	2222
GTCAAG	2218
NGCANG	2215
NTCCCA	2208
NGTANG	2203
AGTTGT	2202
NGGANC	2200
NGCCNT	2196
NCCCAG	2196
NCGTGG	2189
NCTAAG	2179
NAACNG	2179
NTAACC	2170
TGNGNN	2164
NCGCAG	2159
NTGGCG	2149
CANTNN	2149
ATGGTA	2146
NAGTGA	2141
NCGANT	2138
NCAGCA	2131
NCGGGC	2127
NTCTCT	2126
ATTGCA	2123
NTNGTC	2120
NAGCGA	2115
NGNCTA	2114
NATGTT	2113
NGTANT	2109
NCGACG	2109
ACTGTA	2100
TAGCGC	2097
NCACTA	2094
NATTGT	2077
NGATTG	2076
NTNACA	2070
NCAGAT	2068
TCNCNN	2067
NTTTAG	2064
NCAGAC	2057
NCACGA	2057
NGGGTA	2050
NGCCNG	2050
NGAAGG	2049
NGGGNG	2047
NAGANG	2047
NTCTAG	2041
NGCAGG	2040
NATCNT	2037
CCNANN	2037
NTNATA	2036
NAACTC	2031
NCCAGG	2030
ACNCNN	2023
NANATC	2020
GANTNN	2016
NGGAGT	2015
NGTGAC	2013
NGACNC	2011
NTTCGG	2003
NAATNA	2000
GTGTAA	1998
NAGGNA	1996
NANCTT	1986
TGACTT	1985
NCGANG	1969
NAACNA	1966
NGGANG	1965
NCCCAA	1959
NTNCTA	1953
NTTCNT	1950
NTAGAT	1949
NCTCAC	1944
NTTTNG	1941
NACTAG	1939
NTTANC	1937
NGCGNG	1926
NCATCT	1924
AANTNN	1922
NTGTAG	1919
CTGTTA	1917
NCTAAA	1916
NCNAAT	1911
NGNGGT	1899
NAGAGA	1896
CGTTGC	1895
NACCNG	1890
NGCTTA	1888
NACCGG	1887
NTATCG	1883
NCNTCG	1881
NANTCG	1877
ATGTAC	1873
NCAANT	1869
NAAGTT	1863
NTTGTN	1862
NTCGGT	1856
NCATTA	1855
AGTGTA	1855
NTACNT	1854
NGAANG	1854
NGGTCG	1851
CAGAGT	1849
NCACNT	1846
NGAANC	1844
NGGGCC	1839
NGGANT	1838
NATGCC	1837
NTCTNT	1836
NTCANT	1826
CTGGCA	1825
NTACCC	1824
NGAACT	1824
GCAGAG	1820
NCNTCA	1818
NGGACA	1815
NAAACC	1815
NTGGGT	1814
NAAGNG	1813
NCACAA	1810
CTTGGC	1809
NTNTCC	1808
NAGGNG	1804
NTTTGT	1803
NTNGTG	1802
CTCATG	1802
