SampleNumber	Tile	NumberOfReadsRaw	NumberOfReadsPF
0	1101	32990	20552
13	1101	275219	266054
14	1101	261519	251088
15	1101	224770	216711
16	1101	231232	222703
17	1101	222361	213708
18	1101	246581	238349
19	1101	240168	231130
20	1101	233531	224986
21	1101	225918	216132
22	1101	227128	217985
23	1101	262728	252621
24	1101	276093	265900
0	1102	31456	18458
13	1102	277888	269299
14	1102	262015	251713
15	1102	226085	218350
16	1102	234010	225606
17	1102	224170	215660
18	1102	248300	240434
19	1102	241879	232887
20	1102	235111	226834
21	1102	227514	218256
22	1102	228479	219335
23	1102	264660	254818
24	1102	276431	266157
0	1103	31529	18311
13	1103	277123	268396
14	1103	261319	250847
15	1103	226032	218220
16	1103	232641	224361
17	1103	224029	215774
18	1103	248151	240272
19	1103	242420	233056
20	1103	235210	226951
21	1103	228493	219395
22	1103	228836	219793
23	1103	264872	254753
24	1103	277495	267101
0	1104	32102	18314
13	1104	280446	271713
14	1104	262729	252436
15	1104	227701	219961
16	1104	234408	226086
17	1104	225224	216934
18	1104	249560	241467
19	1104	243536	234497
20	1104	236929	228702
21	1104	229204	220202
22	1104	230066	221096
23	1104	266042	256159
24	1104	278828	268547
0	1105	32174	18249
13	1105	281653	273099
14	1105	265146	255101
15	1105	228872	221372
16	1105	236198	227992
17	1105	226393	218472
18	1105	251423	243575
19	1105	243919	234907
20	1105	237432	229258
21	1105	230285	221379
22	1105	231724	223038
23	1105	268719	258838
24	1105	281296	271189
0	1106	32558	17942
13	1106	283133	274182
14	1106	265921	255517
15	1106	230075	222196
16	1106	236308	227782
17	1106	228939	220292
18	1106	254326	246208
19	1106	245863	236649
20	1106	239931	231386
21	1106	232842	223700
22	1106	233241	224244
23	1106	269290	258959
24	1106	282684	272262
0	1107	33328	17886
13	1107	284697	275554
14	1107	266511	255639
15	1107	231435	223175
16	1107	236793	228003
17	1107	229721	220941
18	1107	254577	246130
19	1107	244809	235136
20	1107	240846	232073
21	1107	233048	223466
22	1107	231659	222100
23	1107	268292	257560
24	1107	282633	271784
0	1108	34408	17886
13	1108	286820	277422
14	1108	268137	257292
15	1108	233157	224906
16	1108	239362	230422
17	1108	232002	223102
18	1108	256977	248509
19	1108	245951	236304
20	1108	241507	232644
21	1108	234931	225556
22	1108	233603	223862
23	1108	271581	260882
24	1108	284762	273740
0	1109	35387	18439
13	1109	291888	282199
14	1109	271563	260371
15	1109	237345	228808
16	1109	242797	233504
17	1109	234274	225136
18	1109	260808	251822
19	1109	250358	240227
20	1109	245290	235944
21	1109	238629	228486
22	1109	236188	226233
23	1109	274415	263388
24	1109	287727	276264
0	1110	37333	18576
13	1110	297498	286397
14	1110	276659	263848
15	1110	240433	230752
16	1110	247708	237149
17	1110	239740	229431
18	1110	265661	255595
19	1110	253429	241977
20	1110	251110	240634
21	1110	242531	231627
22	1110	241584	230402
23	1110	279454	266804
24	1110	293728	280734
0	1111	38754	18749
13	1111	302176	290573
14	1111	279325	266083
15	1111	245514	235633
16	1111	249689	238785
17	1111	243226	232801
18	1111	269316	258696
19	1111	257861	246067
20	1111	254790	243868
21	1111	246485	234908
22	1111	245913	234342
23	1111	283143	270058
24	1111	296646	283145
0	1112	39752	18972
13	1112	305589	293370
14	1112	282581	268639
15	1112	247978	237490
16	1112	253869	242184
17	1112	246403	235346
18	1112	272439	261154
19	1112	258282	245810
20	1112	256705	245211
21	1112	249423	237372
22	1112	246604	234468
23	1112	285422	271885
24	1112	301590	287389
0	1113	40184	19033
13	1113	308603	295935
14	1113	283597	269549
15	1113	249382	238315
16	1113	253852	242112
17	1113	247600	236288
18	1113	275562	264075
19	1113	260283	247845
20	1113	259202	247418
21	1113	250842	238572
22	1113	247625	235011
23	1113	287366	273394
24	1113	303055	288353
0	1114	42183	18948
13	1114	310590	297316
14	1114	284764	270079
15	1114	250753	239293
16	1114	256019	243648
17	1114	249567	237760
18	1114	275414	263174
19	1114	261727	248306
20	1114	260398	247855
21	1114	251447	238337
22	1114	248944	235703
23	1114	287067	272288
24	1114	305106	289523
0	1115	44138	19310
13	1115	310049	295486
14	1115	285335	269739
15	1115	250486	238097
16	1115	256822	243454
17	1115	251417	238916
18	1115	275776	262539
19	1115	262684	248508
20	1115	261721	248325
21	1115	251958	237792
22	1115	248877	234629
23	1115	288897	273342
24	1115	306123	289464
0	1116	43913	18920
13	1116	310949	296296
14	1116	286286	270486
15	1116	251604	239391
16	1116	258447	245306
17	1116	251534	238806
18	1116	275562	262424
19	1116	262524	248128
20	1116	262053	248728
21	1116	251394	237092
22	1116	251058	236530
23	1116	290679	274716
24	1116	306894	290165
0	1201	35087	21149
13	1201	269060	259711
14	1201	259240	248882
15	1201	221598	213792
16	1201	230074	221703
17	1201	220195	211186
18	1201	240171	231727
19	1201	238605	229477
20	1201	230501	221678
21	1201	220779	210827
22	1201	224666	215364
23	1201	261169	250980
24	1201	272021	261589
0	1202	33204	19731
13	1202	272667	263730
14	1202	261491	251323
15	1202	223605	215809
16	1202	231469	223448
17	1202	221017	212587
18	1202	242872	234519
19	1202	240602	231756
20	1202	231957	223651
21	1202	222876	213522
22	1202	226175	217380
23	1202	263030	253077
24	1202	273808	263577
0	1203	32454	19306
13	1203	272927	264122
14	1203	262013	252006
15	1203	224841	217379
16	1203	233590	225446
17	1203	221850	213720
18	1203	244511	236510
19	1203	241827	232925
20	1203	233757	225518
21	1203	224352	215016
22	1203	227346	218623
23	1203	264707	254758
24	1203	274646	264651
0	1204	32161	19237
13	1204	274560	265718
14	1204	263782	254323
15	1204	225797	218263
16	1204	232897	224824
17	1204	224148	216173
18	1204	244377	236459
19	1204	242115	233382
20	1204	233900	225878
21	1204	224547	215465
22	1204	228507	219781
23	1204	265133	255394
24	1204	276658	266805
0	1205	31387	18493
13	1205	274970	265880
14	1205	264622	254277
15	1205	225965	218078
16	1205	234674	226298
17	1205	223570	215380
18	1205	245951	237585
19	1205	242686	233636
20	1205	235195	226899
21	1205	226632	217278
22	1205	228602	219524
23	1205	266062	256107
24	1205	277725	267326
0	1206	31260	18129
13	1206	276726	267322
14	1206	265559	255138
15	1206	226528	218359
16	1206	235361	226664
17	1206	224794	216118
18	1206	246860	238118
19	1206	243128	233585
20	1206	236188	227397
21	1206	227196	217574
22	1206	229792	220429
23	1206	266344	255919
24	1206	278988	268265
0	1207	30108	17663
13	1207	279838	270568
14	1207	266796	256414
15	1207	228960	220934
16	1207	236768	228086
17	1207	227145	218537
18	1207	249843	241331
19	1207	245626	236311
20	1207	237952	229191
21	1207	227576	218039
22	1207	230690	221156
23	1207	269090	258749
24	1207	280321	269538
0	1208	31365	17985
13	1208	283314	273512
14	1208	270321	259456
15	1208	232419	224035
16	1208	239862	230898
17	1208	230649	221888
18	1208	253285	244135
19	1208	247620	237802
20	1208	240939	231893
21	1208	231410	221534
22	1208	233767	223996
23	1208	271349	260404
24	1208	284056	272830
0	1209	31259	17977
13	1209	287916	278119
14	1209	272301	261420
15	1209	234738	226219
16	1209	241715	232686
17	1209	232608	223689
18	1209	255429	246511
19	1209	249389	239549
20	1209	241818	232914
21	1209	234135	223970
22	1209	235064	225397
23	1209	273469	262618
24	1209	285511	274256
0	1210	33276	18439
13	1210	294109	282750
14	1210	277203	264954
15	1210	239500	229755
16	1210	245970	235765
17	1210	238342	228307
18	1210	261473	251280
19	1210	254387	243178
20	1210	248044	237675
21	1210	239546	228391
22	1210	240419	229250
23	1210	278949	266564
24	1210	291365	278334
0	1211	33827	18528
13	1211	298695	287217
14	1211	280741	268261
15	1211	243514	233740
16	1211	249719	239345
17	1211	241996	231841
18	1211	266396	255954
19	1211	257336	245966
20	1211	252478	241892
21	1211	242443	230999
22	1211	242947	231414
23	1211	282028	269683
24	1211	295227	282266
0	1212	36037	19143
13	1212	302688	290800
14	1212	282007	268927
15	1212	245757	235554
16	1212	252346	241186
17	1212	244014	233389
18	1212	268796	257857
19	1212	258734	246851
20	1212	255070	243686
21	1212	245492	233723
22	1212	244591	232541
23	1212	285037	271946
24	1212	298452	284710
0	1213	35427	18360
13	1213	304940	292861
14	1213	282770	269440
15	1213	246322	236003
16	1213	253139	241862
17	1213	246029	235183
18	1213	269042	257728
19	1213	259246	247207
20	1213	255987	244574
21	1213	246071	234278
22	1213	245630	233580
23	1213	284889	271185
24	1213	298899	284758
0	1214	37830	18630
13	1214	306457	293287
14	1214	284561	270274
15	1214	248224	237136
16	1214	254810	242784
17	1214	248097	236423
18	1214	270857	258928
19	1214	260980	247864
20	1214	257203	245138
21	1214	247294	234379
22	1214	248000	235089
23	1214	287565	273219
24	1214	300635	285669
0	1215	37938	18542
13	1215	306131	292322
14	1215	285459	270494
15	1215	247524	235712
16	1215	255226	242760
17	1215	249342	237399
18	1215	272274	259734
19	1215	260817	247404
20	1215	258500	245737
21	1215	248371	235081
22	1215	247799	234274
23	1215	287188	272259
24	1215	301793	285883
0	1216	38856	18613
13	1216	307171	292688
14	1216	285137	269886
15	1216	249168	237140
16	1216	255170	242391
17	1216	249317	236815
18	1216	272590	259467
19	1216	261833	248347
20	1216	259753	246673
21	1216	248437	234632
22	1216	249487	235330
23	1216	288308	272814
24	1216	304740	288404
0	1301	35288	20682
13	1301	271308	261890
14	1301	261308	250884
15	1301	223018	214836
16	1301	230539	222071
17	1301	220777	211751
18	1301	240279	231590
19	1301	240496	231202
20	1301	231530	222722
21	1301	221868	211517
22	1301	224980	215423
23	1301	262769	252386
24	1301	274131	263723
0	1302	33518	19803
13	1302	273135	264241
14	1302	262619	252585
15	1302	224762	217054
16	1302	232794	224574
17	1302	222132	213655
18	1302	243230	235039
19	1302	241695	232880
20	1302	233220	224930
21	1302	223689	214329
22	1302	227051	218180
23	1302	264004	254142
24	1302	276647	266394
0	1303	32543	18911
13	1303	275053	266165
14	1303	262835	253051
15	1303	225432	217852
16	1303	233272	225190
17	1303	223023	214773
18	1303	244980	236755
19	1303	243050	234267
20	1303	234467	226085
21	1303	225384	216354
22	1303	227474	218712
23	1303	265093	255430
24	1303	277048	267181
0	1304	32905	19134
13	1304	275896	266773
14	1304	265676	255511
15	1304	226673	219171
16	1304	235934	227711
17	1304	225934	217665
18	1304	247161	238809
19	1304	243185	234119
20	1304	235916	227490
21	1304	225479	216010
22	1304	228484	219485
23	1304	265828	255888
24	1304	279242	269045
0	1305	32703	18793
13	1305	278683	269517
14	1305	266614	256283
15	1305	229238	221192
16	1305	237469	228993
17	1305	225967	217600
18	1305	249432	240862
19	1305	244948	235861
20	1305	237053	228411
21	1305	228505	219049
22	1305	230924	221649
23	1305	268167	258083
24	1305	280072	269700
0	1306	32635	18466
13	1306	280586	271124
14	1306	268495	257890
15	1306	230430	222310
16	1306	238400	229677
17	1306	227912	219403
18	1306	249466	240773
19	1306	245912	236452
20	1306	238831	229976
21	1306	230249	220470
22	1306	232264	222839
23	1306	270229	259667
24	1306	280833	270188
0	1307	31866	18058
13	1307	284431	274598
14	1307	271047	260016
15	1307	232490	223958
16	1307	240366	231380
17	1307	230351	221522
18	1307	254104	244891
19	1307	248328	238463
20	1307	241404	232095
21	1307	232981	222998
22	1307	234170	224303
23	1307	272435	261476
24	1307	284208	273138
0	1308	33010	18411
13	1308	289286	278932
14	1308	275879	264349
15	1308	236812	227829
16	1308	243866	234317
17	1308	234616	225095
18	1308	257597	248051
19	1308	252133	241755
20	1308	245162	235604
21	1308	237008	226359
22	1308	237883	227379
23	1308	275950	264395
24	1308	290004	278060
0	1309	33283	18541
13	1309	293984	282984
14	1309	279196	267332
15	1309	240989	231544
16	1309	248046	238078
17	1309	238774	229019
18	1309	262173	251836
19	1309	255538	244643
20	1309	249506	239268
21	1309	240389	229275
22	1309	241058	230352
23	1309	280135	268077
24	1309	294487	281931
0	1310	34232	18820
13	1310	299523	287341
14	1310	283319	270173
15	1310	243325	233140
16	1310	251084	240024
17	1310	242235	231416
18	1310	266492	255296
19	1310	257688	245875
20	1310	252432	241149
21	1310	243454	231653
22	1310	243518	231526
23	1310	282895	269622
24	1310	297770	283801
0	1311	34791	18948
13	1311	303089	290550
14	1311	284001	270351
15	1311	245599	234960
16	1311	252562	241125
17	1311	244409	233467
18	1311	268437	256942
19	1311	259060	246997
20	1311	254248	242467
21	1311	245172	233176
22	1311	245248	233042
23	1311	284234	270534
24	1311	299231	285059
0	1312	34911	19124
13	1312	307086	293774
14	1312	287363	273012
15	1312	249073	237853
16	1312	256606	244577
17	1312	248559	237016
18	1312	272698	260564
19	1312	263430	250649
20	1312	258301	246080
21	1312	248023	235083
22	1312	249095	235961
23	1312	288945	274431
24	1312	304207	289164
0	1313	35646	19037
13	1313	310108	296488
14	1313	288661	274007
15	1313	250586	238997
16	1313	257328	245057
17	1313	249781	237926
18	1313	275326	262855
19	1313	264385	251150
20	1313	260155	247741
21	1313	249550	236515
22	1313	250105	236589
23	1313	290191	275502
24	1313	305975	290675
0	1314	37655	19119
13	1314	311171	296923
14	1314	290086	274806
15	1314	253162	241170
16	1314	259581	246481
17	1314	251312	238900
18	1314	276562	263461
19	1314	265297	251175
20	1314	262656	249314
21	1314	252341	238323
22	1314	251448	237427
23	1314	291792	276451
24	1314	307448	291304
0	1315	38473	19208
13	1315	311079	296301
14	1315	290101	274039
15	1315	252455	239854
16	1315	259566	246356
17	1315	252148	239226
18	1315	275658	262076
19	1315	266313	252018
20	1315	261226	247530
21	1315	251674	237168
22	1315	252283	237826
23	1315	292927	276815
24	1315	309443	292524
0	1316	38723	18854
13	1316	310747	295548
14	1316	289089	273041
15	1316	252335	239456
16	1316	259255	245613
17	1316	252052	238995
18	1316	275770	261711
19	1316	264899	250509
20	1316	263149	248986
21	1316	251692	237439
22	1316	252507	237717
23	1316	292705	276428
24	1316	309123	291630
0	2101	36128	20295
13	2101	269587	260209
14	2101	257783	247556
15	2101	221786	213751
16	2101	229311	220861
17	2101	218168	209587
18	2101	241895	233242
19	2101	237288	228047
20	2101	230540	221733
21	2101	222767	212860
22	2101	223716	214570
23	2101	259711	249670
24	2101	270716	260598
0	2102	33790	18115
13	2102	271675	262720
14	2102	258178	248212
15	2102	222896	215248
16	2102	229455	220959
17	2102	219506	211420
18	2102	243104	234850
19	2102	236957	228174
20	2102	231368	223143
21	2102	223784	214363
22	2102	225219	216369
23	2102	260067	250292
24	2102	272264	262330
0	2103	34546	18227
13	2103	273365	264320
14	2103	259187	248839
15	2103	222891	214911
16	2103	230335	221738
17	2103	219844	211603
18	2103	244616	236307
19	2103	238612	229581
20	2103	232399	223814
21	2103	224505	214931
22	2103	224356	215333
23	2103	261593	251682
24	2103	273355	263071
0	2104	34425	18212
13	2104	274975	266102
14	2104	260393	250461
15	2104	224381	216807
16	2104	231703	223579
17	2104	221575	213611
18	2104	244643	236502
19	2104	240449	231571
20	2104	233344	224844
21	2104	224991	215746
22	2104	227392	218553
23	2104	262513	252717
24	2104	274867	264938
0	2105	35063	17919
13	2105	276454	267171
14	2105	261734	251616
15	2105	225338	217573
16	2105	233081	224917
17	2105	223038	214943
18	2105	246955	238374
19	2105	240922	231901
20	2105	234801	226216
21	2105	227601	218129
22	2105	227981	219036
23	2105	263720	253717
24	2105	276096	265943
0	2106	36254	17657
13	2106	278394	268511
14	2106	264153	253107
15	2106	227340	218984
16	2106	235922	226744
17	2106	224696	215913
18	2106	248455	239383
19	2106	242590	232791
20	2106	236042	226886
21	2106	228645	218451
22	2106	228876	219143
23	2106	266411	255630
24	2106	277810	266888
0	2107	35768	17556
13	2107	280118	270445
14	2107	265167	254644
15	2107	228298	220022
16	2107	236088	227289
17	2107	226111	217391
18	2107	249329	240438
19	2107	243584	234156
20	2107	236820	227920
21	2107	229462	219483
22	2107	229641	220449
23	2107	267362	256848
24	2107	280302	269640
0	2108	36424	17630
13	2108	281822	272217
14	2108	265902	255503
15	2108	230903	222857
16	2108	236903	228419
17	2108	228758	220339
18	2108	251392	242426
19	2108	244582	235095
20	2108	238504	229427
21	2108	232132	222252
22	2108	231137	221808
23	2108	268722	258061
24	2108	281065	270511
0	2109	37372	17724
13	2109	285068	274927
14	2109	269481	258549
15	2109	232279	223597
16	2109	239153	230017
17	2109	230700	221649
18	2109	255461	245777
19	2109	247119	237318
20	2109	240500	231193
21	2109	232571	222147
22	2109	232917	222715
23	2109	270932	259900
24	2109	282701	271362
0	2110	39905	18364
13	2110	291172	280141
14	2110	273316	261880
15	2110	236329	227049
16	2110	243963	233994
17	2110	235502	225973
18	2110	260137	249667
19	2110	251346	240591
20	2110	245219	235065
21	2110	238733	227599
22	2110	237735	226940
23	2110	275537	263629
24	2110	289433	277244
0	2111	40547	18109
13	2111	294795	282524
14	2111	277442	264705
15	2111	240045	229996
16	2111	247212	236529
17	2111	239137	228755
18	2111	264671	253344
19	2111	255425	243924
20	2111	249590	238368
21	2111	240926	229124
22	2111	240095	228420
23	2111	279901	266868
24	2111	293715	280495
0	2112	42796	18680
13	2112	298503	285862
14	2112	279347	266020
15	2112	241978	231509
16	2112	250765	239635
17	2112	241862	230790
18	2112	264792	252948
19	2112	256485	244592
20	2112	251274	239532
21	2112	242428	229816
22	2112	242370	230205
23	2112	282071	268514
24	2112	296032	281996
0	2113	42865	18298
13	2113	300611	287315
14	2113	283423	269486
15	2113	245677	234604
16	2113	252876	241223
17	2113	244716	233203
18	2113	266913	254568
19	2113	259167	246552
20	2113	253280	241117
21	2113	245223	232213
22	2113	244405	231694
23	2113	284732	270446
24	2113	299444	284807
0	2114	45951	18685
13	2114	303019	288644
14	2114	286882	272031
15	2114	246414	234499
16	2114	255536	242875
17	2114	245327	233167
18	2114	269671	256245
19	2114	262344	248921
20	2114	256616	243360
21	2114	245809	231796
22	2114	247535	233823
23	2114	286311	271063
24	2114	301848	285849
0	2115	48177	19282
13	2115	300610	285212
14	2115	286614	271154
15	2115	246786	234326
16	2115	254478	241318
17	2115	245382	232838
18	2115	269043	254509
19	2115	262183	248126
20	2115	255122	241145
21	2115	245008	230260
22	2115	246421	231955
23	2115	286187	270370
24	2115	301857	285372
0	2116	47439	18389
13	2116	302043	285532
14	2116	287734	271539
15	2116	247551	234270
16	2116	256353	242818
17	2116	247030	233491
18	2116	269917	254629
19	2116	263451	248416
20	2116	257057	242188
21	2116	245857	230261
22	2116	248610	233295
23	2116	288304	271534
24	2116	303311	285715
0	2201	36062	21970
13	2201	267450	258657
14	2201	256989	247523
15	2201	219102	211732
16	2201	228046	220377
17	2201	217143	208841
18	2201	237799	229669
19	2201	236781	228327
20	2201	228310	220182
21	2201	219098	209355
22	2201	222408	213822
23	2201	259161	249696
24	2201	269689	260089
0	2202	33840	20503
13	2202	267819	259034
14	2202	258625	249370
15	2202	220754	213299
16	2202	229268	221436
17	2202	218236	210247
18	2202	238478	230420
19	2202	236918	228728
20	2202	229068	221021
21	2202	219542	210103
22	2202	224664	216178
23	2202	260160	250736
24	2202	269735	260283
0	2203	33152	20079
13	2203	269204	260862
14	2203	259724	250463
15	2203	222236	215084
16	2203	230421	222741
17	2203	219866	212033
18	2203	240712	232667
19	2203	238985	230621
20	2203	230923	222979
21	2203	221436	212431
22	2203	225516	216979
23	2203	262238	253025
24	2203	272361	262954
0	2204	33019	20068
13	2204	270687	262479
14	2204	260216	251258
15	2204	222592	215580
16	2204	231556	224122
17	2204	219922	212421
18	2204	241787	233952
19	2204	238862	230795
20	2204	232375	224661
21	2204	221352	212684
22	2204	225090	216979
23	2204	263399	254573
24	2204	272860	263750
0	2205	32617	19453
13	2205	272326	263973
14	2205	261778	252599
15	2205	223276	216195
16	2205	232535	224847
17	2205	222232	214526
18	2205	242765	234907
19	2205	240042	231789
20	2205	232079	224269
21	2205	223014	214245
22	2205	226302	218003
23	2205	264071	254799
24	2205	274548	265249
0	2206	32485	18783
13	2206	273975	265104
14	2206	262780	253445
15	2206	224642	217183
16	2206	232721	224651
17	2206	222853	215055
18	2206	244372	236186
19	2206	241483	232826
20	2206	232861	224769
21	2206	224710	215490
22	2206	227498	218892
23	2206	264522	254975
24	2206	275206	265649
0	2207	31998	18337
13	2207	276946	267961
14	2207	264356	254841
15	2207	227365	219809
16	2207	235387	227320
17	2207	224244	216283
18	2207	246722	238552
19	2207	243425	234817
20	2207	235231	227117
21	2207	225547	216490
22	2207	229165	220590
23	2207	266471	256996
24	2207	277355	267673
0	2208	33130	18224
13	2208	278888	269763
14	2208	266265	256521
15	2208	228255	220513
16	2208	236221	228100
17	2208	227538	219678
18	2208	249047	240276
19	2208	244115	235221
20	2208	238259	229656
21	2208	228011	218655
22	2208	230363	221518
23	2208	267147	257380
24	2208	279402	269319
0	2209	33220	17936
13	2209	281913	272367
14	2209	267877	257665
15	2209	229921	222004
16	2209	237858	229350
17	2209	228154	219673
18	2209	251177	241997
19	2209	246349	237127
20	2209	239663	230825
21	2209	230491	220629
22	2209	232276	223086
23	2209	269216	259099
24	2209	282145	271513
0	2210	34768	18421
13	2210	289189	278709
14	2210	274266	263231
15	2210	235163	226412
16	2210	243886	234675
17	2210	235266	226274
18	2210	258599	248693
19	2210	251443	241211
20	2210	244661	235005
21	2210	236913	226242
22	2210	237569	227570
23	2210	276677	265286
24	2210	287755	276364
0	2211	35645	18434
13	2211	292898	281797
14	2211	277486	265702
15	2211	238967	229689
16	2211	246032	236168
17	2211	238033	228319
18	2211	260820	250405
19	2211	253920	243265
20	2211	247847	237545
21	2211	238660	227478
22	2211	239751	229012
23	2211	278779	266596
24	2211	291315	278826
0	2212	36580	18361
13	2212	294841	283582
14	2212	278997	267013
15	2212	240384	230989
16	2212	247773	237844
17	2212	240179	230341
18	2212	263642	252973
19	2212	254653	243853
20	2212	249457	238922
21	2212	240795	229641
22	2212	239944	228941
23	2212	279331	267162
24	2212	291936	279445
0	2213	37031	18261
13	2213	297726	285915
14	2213	279589	267209
15	2213	241653	231771
16	2213	249327	238712
17	2213	241413	231310
18	2213	265186	253951
19	2213	256386	245011
20	2213	250813	240057
21	2213	242121	230343
22	2213	242027	230695
23	2213	281134	268505
24	2213	294436	281215
0	2214	38553	18137
13	2214	299212	286452
14	2214	281559	268328
15	2214	243718	233021
16	2214	250173	239100
17	2214	243419	232811
18	2214	266475	254880
19	2214	257477	245475
20	2214	252670	240961
21	2214	243435	231095
22	2214	243418	231275
23	2214	283055	269803
24	2214	296109	282410
0	2215	40302	18936
13	2215	299782	286471
14	2215	281790	268285
15	2215	245283	234217
16	2215	251581	240049
17	2215	244429	233144
18	2215	268121	255556
19	2215	259630	247028
20	2215	254271	241980
21	2215	244515	231339
22	2215	244518	231886
23	2215	285323	271050
24	2215	298648	283979
0	2216	40539	18310
13	2216	300138	285895
14	2216	284382	270302
15	2216	245104	233662
16	2216	254038	241841
17	2216	244590	232954
18	2216	268157	254911
19	2216	261526	248334
20	2216	255691	242655
21	2216	244725	230895
22	2216	245795	232408
23	2216	286391	271616
24	2216	300163	284827
0	2301	36512	21019
13	2301	267573	258534
14	2301	258284	248917
15	2301	219962	212475
16	2301	227867	220078
17	2301	217034	208744
18	2301	239629	231244
19	2301	237428	228754
20	2301	228891	220552
21	2301	219279	209275
22	2301	222677	213907
23	2301	259695	250050
24	2301	270228	260630
0	2302	34301	19910
13	2302	269647	260914
14	2302	260015	250547
15	2302	221003	213570
16	2302	229592	222038
17	2302	218860	210955
18	2302	239874	231731
19	2302	238810	230536
20	2302	230107	222008
21	2302	220128	210785
22	2302	223653	215292
23	2302	261343	251854
24	2302	272659	263217
0	2303	33524	19423
13	2303	270865	262151
14	2303	259804	250511
15	2303	222363	214888
16	2303	230869	223136
17	2303	220088	212252
18	2303	241943	233789
19	2303	238974	230489
20	2303	231137	223289
21	2303	222741	213682
22	2303	223969	215562
23	2303	261829	252454
24	2303	274160	264745
0	2304	33879	19714
13	2304	273563	264783
14	2304	262330	253026
15	2304	223689	216360
16	2304	232774	224872
17	2304	221435	213481
18	2304	243614	235202
19	2304	240933	232523
20	2304	233428	225391
21	2304	223889	214962
22	2304	226626	218063
23	2304	264377	254846
24	2304	275101	265504
0	2305	33406	19179
13	2305	275428	266503
14	2305	262864	253586
15	2305	225460	218097
16	2305	232867	225015
17	2305	222488	214618
18	2305	244518	236033
19	2305	241925	233295
20	2305	234195	225924
21	2305	225530	216387
22	2305	228350	219575
23	2305	265074	255692
24	2305	276971	267182
0	2306	33119	18712
13	2306	277655	268333
14	2306	265456	255651
15	2306	227458	219765
16	2306	234987	226596
17	2306	225670	217506
18	2306	246819	238215
19	2306	243305	234376
20	2306	235352	226942
21	2306	227438	217943
22	2306	229015	220013
23	2306	267377	257490
24	2306	279028	268777
0	2307	32489	18397
13	2307	279455	269963
14	2307	267065	256924
15	2307	229764	221965
16	2307	236785	228387
17	2307	227499	219056
18	2307	249847	240869
19	2307	245870	236794
20	2307	238365	229371
21	2307	229689	219908
22	2307	231141	221944
23	2307	269121	258939
24	2307	281533	270996
0	2308	33190	18273
13	2308	284020	273934
14	2308	272405	261742
15	2308	233078	224633
16	2308	240942	231903
17	2308	231235	222421
18	2308	253522	244175
19	2308	248288	238688
20	2308	241772	232336
21	2308	232668	222642
22	2308	233716	223884
23	2308	272533	261790
24	2308	285712	274731
0	2309	34017	18507
13	2309	290416	279753
14	2309	275520	264586
15	2309	236559	227903
16	2309	245126	235789
17	2309	234508	225533
18	2309	259673	249821
19	2309	252474	242459
20	2309	246406	236558
21	2309	238141	227406
22	2309	237705	227437
23	2309	276470	265382
24	2309	290108	278388
0	2310	35225	18506
13	2310	294252	282823
14	2310	278169	266200
15	2310	240517	231050
16	2310	246899	236733
17	2310	237785	227936
18	2310	262147	251276
19	2310	255215	244261
20	2310	248178	237441
21	2310	240107	228719
22	2310	240593	229798
23	2310	279309	267031
24	2310	292225	279702
0	2311	36708	18705
13	2311	297545	285526
14	2311	281085	268576
15	2311	243261	233321
16	2311	250244	239658
17	2311	241364	231036
18	2311	265362	253947
19	2311	257490	246011
20	2311	251888	240737
21	2311	243728	231502
22	2311	242094	230560
23	2311	283117	270274
24	2311	295728	282566
0	2312	37610	19100
13	2312	301709	288891
14	2312	283569	270312
15	2312	245144	234627
16	2312	252455	241181
17	2312	243998	232977
18	2312	270098	258141
19	2312	259477	247406
20	2312	255099	243317
21	2312	244918	232492
22	2312	246068	233877
23	2312	284442	271019
24	2312	298610	284541
0	2313	37642	18781
13	2313	302919	289902
14	2313	284188	270590
15	2313	246362	235386
16	2313	252934	241271
17	2313	245562	234302
18	2313	269515	257307
19	2313	260537	248402
20	2313	255564	243455
21	2313	246992	234151
22	2313	246929	234469
23	2313	285534	271485
24	2313	301345	287123
0	2314	39197	18639
13	2314	305959	292011
14	2314	287140	273051
15	2314	248650	237432
16	2314	255528	243483
17	2314	246288	234890
18	2314	271374	258830
19	2314	262308	249414
20	2314	257649	245115
21	2314	247317	234016
22	2314	249193	236239
23	2314	289092	274624
24	2314	302092	287028
0	2315	41408	19227
13	2315	306326	291469
14	2315	286148	271302
15	2315	249502	237302
16	2315	256017	243309
17	2315	248363	235913
18	2315	271788	257877
19	2315	263057	249332
20	2315	258673	244910
21	2315	248529	234224
22	2315	249232	235295
23	2315	289552	273933
24	2315	304493	288287
0	2316	40663	18493
13	2316	305192	289972
14	2316	286698	271502
15	2316	249416	236848
16	2316	256256	243366
17	2316	248931	236172
18	2316	271989	257805
19	2316	263540	249553
20	2316	258058	243888
21	2316	247934	233169
22	2316	250040	235516
23	2316	289763	273926
24	2316	304879	288179
