SampleNumber	Tile	NumberOfReadsRaw	NumberOfReadsPF
0	1101	64347	44792
31	1101	1874043	1608324
32	1101	1083134	940006
33	1101	962440	822378
0	1102	66095	45250
31	1102	1870748	1605658
32	1102	1087801	941569
33	1102	960497	817345
0	1103	66151	45163
31	1103	1870825	1609141
32	1103	1092253	946078
33	1103	957242	814108
0	1104	67774	45569
31	1104	1882289	1611616
32	1104	1103669	953401
33	1104	967362	819593
0	1105	68123	45072
31	1105	1877592	1599957
32	1105	1105284	949413
33	1105	966744	814615
0	1106	69660	45636
31	1106	1875685	1588375
32	1106	1113467	949019
33	1106	967048	807519
0	1107	70351	45402
31	1107	1882160	1591539
32	1107	1123389	956569
33	1107	968279	807162
0	1108	70357	44619
31	1108	1860541	1558412
32	1108	1117735	942356
33	1108	957931	789236
0	1109	72046	44609
31	1109	1864101	1545168
32	1109	1122352	936243
33	1109	952250	774586
0	1110	74232	44974
31	1110	1882852	1545161
32	1110	1125691	929608
33	1110	945191	759666
0	1111	74986	44521
31	1111	1891775	1528814
32	1111	1121383	911367
33	1111	940974	741270
0	1112	4004553	3169664
31	1112	0	0
32	1112	0	0
33	1112	0	0
0	1113	3991084	3127162
31	1113	0	0
32	1113	0	0
33	1113	0	0
0	1114	3970988	3027791
31	1114	0	0
32	1114	0	0
33	1114	0	0
0	1115	3966626	2968152
31	1115	0	0
32	1115	0	0
33	1115	0	0
0	1116	3951719	2975575
31	1116	0	0
32	1116	0	0
33	1116	0	0
0	1201	61112	43788
31	1201	1874791	1611256
32	1201	1070409	929191
33	1201	976487	840592
0	1202	63342	45640
31	1202	1882222	1617572
32	1202	1071986	928087
33	1202	979625	840512
0	1203	61796	43825
31	1203	1871740	1601440
32	1203	1068812	919845
33	1203	973954	831249
0	1204	62715	44279
31	1204	1882745	1610140
32	1204	1078538	928667
33	1204	980039	836538
0	1205	62891	44770
31	1205	1885743	1602017
32	1205	1086908	931107
33	1205	984292	834071
0	1206	63157	44895
31	1206	1881317	1591388
32	1206	1094526	930494
33	1206	985240	828152
0	1207	63059	45035
31	1207	1884467	1585626
32	1207	1100411	930861
33	1207	989972	825710
0	1208	64023	45688
31	1208	1878944	1577466
32	1208	1103220	930349
33	1208	987471	820680
0	1209	62677	44556
31	1209	1857875	1541697
32	1209	1097366	914704
33	1209	972692	796624
0	1210	65667	45517
31	1210	1878632	1536456
32	1210	1103064	907409
33	1210	965452	780248
0	1211	66610	44933
31	1211	1872077	1506935
32	1211	1094496	884447
33	1211	948687	749506
0	1212	69342	44849
31	1212	1873400	1483236
32	1212	1098131	871710
33	1212	956891	739554
0	1213	3965890	3112271
31	1213	0	0
32	1213	0	0
33	1213	0	0
0	1214	3985346	3073890
31	1214	0	0
32	1214	0	0
33	1214	0	0
0	1215	3962523	3016302
31	1215	0	0
32	1215	0	0
33	1215	0	0
0	1216	3947796	2992382
31	1216	0	0
32	1216	0	0
33	1216	0	0
0	1301	62790	45095
31	1301	1865850	1603129
32	1301	1074492	934565
33	1301	956578	819120
0	1302	63529	45689
31	1302	1864078	1601245
32	1302	1077848	933768
33	1302	952019	812662
0	1303	62959	45709
31	1303	1861555	1603492
32	1303	1078219	935544
33	1303	947745	809194
0	1304	63401	45732
31	1304	1866080	1604515
32	1304	1084096	939085
33	1304	950617	809268
0	1305	62724	45014
31	1305	1872311	1603760
32	1305	1098094	948650
33	1305	955949	811107
0	1306	62908	44731
31	1306	1867789	1588002
32	1306	1101491	943211
33	1306	955588	801148
0	1307	62710	44719
31	1307	1873328	1590806
32	1307	1112348	952119
33	1307	956079	800083
0	1308	62332	43980
31	1308	1845700	1547083
32	1308	1106564	934103
33	1308	947615	780093
0	1309	63490	44835
31	1309	1850809	1540640
32	1309	1115838	936978
33	1309	948543	775501
0	1310	64583	45026
31	1310	1854332	1527836
32	1310	1120793	930238
33	1310	939085	757509
0	1311	65691	44813
31	1311	1867162	1513683
32	1311	1120929	916374
33	1311	926001	730686
0	1312	83319	53585
31	1312	1848587	1474893
32	1312	1115589	894278
33	1312	919957	711479
0	1313	3950299	3115247
31	1313	0	0
32	1313	0	0
33	1313	0	0
0	1314	3962714	3055463
31	1314	0	0
32	1314	0	0
33	1314	0	0
0	1315	3963961	2970686
31	1315	0	0
32	1315	0	0
33	1315	0	0
0	1316	3921122	2956202
31	1316	0	0
32	1316	0	0
33	1316	0	0
0	2101	66775	46233
31	2101	1844648	1579690
32	2101	1064512	920441
33	2101	952407	814094
0	2102	69869	47947
31	2102	1855833	1600581
32	2102	1074406	931790
33	2102	957248	821249
0	2103	68068	45936
31	2103	1864075	1601474
32	2103	1080055	932195
33	2103	961706	820091
0	2104	69024	45861
31	2104	1857669	1584340
32	2104	1085245	931000
33	2104	963021	815306
0	2105	69556	45940
31	2105	1865802	1587467
32	2105	1093798	935794
33	2105	968257	817695
0	2106	71472	46113
31	2106	1849030	1563829
32	2106	1093698	929760
33	2106	964197	806988
0	2107	72095	46126
31	2107	1841942	1550690
32	2107	1096069	927392
33	2107	962012	799685
0	2108	71168	44614
31	2108	1823886	1528800
32	2108	1096163	921222
33	2108	953541	787734
0	2109	72860	45141
31	2109	1775554	1460199
32	2109	1068216	881101
33	2109	920341	744219
0	2110	80148	47350
31	2110	1807854	1454609
32	2110	1082999	873967
33	2110	927921	730003
0	2111	274644	124259
31	2111	1714286	1381794
32	2111	1008978	825203
33	2111	871699	690744
0	2112	324290	157499
31	2112	1678576	1355690
32	2112	1020734	822069
33	2112	889299	692197
0	2113	3934480	3057093
31	2113	0	0
32	2113	0	0
33	2113	0	0
0	2114	3807171	2826302
31	2114	0	0
32	2114	0	0
33	2114	0	0
0	2115	3780165	2589514
31	2115	0	0
32	2115	0	0
33	2115	0	0
0	2116	3887277	2935387
31	2116	0	0
32	2116	0	0
33	2116	0	0
0	2201	64343	46981
31	2201	1863084	1606767
32	2201	1058616	923002
33	2201	969815	839956
0	2202	67503	48626
31	2202	1872177	1610780
32	2202	1065453	923636
33	2202	975147	839621
0	2203	63837	46375
31	2203	1874137	1619687
32	2203	1069741	930372
33	2203	977295	842435
0	2204	63530	45450
31	2204	1875465	1615504
32	2204	1075794	932334
33	2204	980933	842955
0	2205	64015	45742
31	2205	1880731	1614419
32	2205	1085006	936829
33	2205	983956	841965
0	2206	63991	45497
31	2206	1876240	1596011
32	2206	1089230	931065
33	2206	985502	834911
0	2207	64308	45632
31	2207	1869550	1585372
32	2207	1090879	929026
33	2207	983135	828748
0	2208	64733	45448
31	2208	1858861	1567936
32	2208	1095162	926888
33	2208	979507	818838
0	2209	66315	45846
31	2209	1846911	1539565
32	2209	1095813	916494
33	2209	971062	801172
0	2210	69125	46684
31	2210	1856290	1531715
32	2210	1097102	907977
33	2210	961560	782472
0	2211	72190	46963
31	2211	1848885	1491331
32	2211	1090553	878912
33	2211	946416	748370
0	2212	3944110	3084029
31	2212	0	0
32	2212	0	0
33	2212	0	0
0	2213	3875173	2976665
31	2213	0	0
32	2213	0	0
33	2213	0	0
0	2214	3975388	3048190
31	2214	0	0
32	2214	0	0
33	2214	0	0
0	2215	3903395	2904692
31	2215	0	0
32	2215	0	0
33	2215	0	0
0	2216	3973488	3034965
31	2216	0	0
32	2216	0	0
33	2216	0	0
0	2301	62873	45615
31	2301	1852377	1604396
32	2301	1066940	933816
33	2301	954253	826163
0	2302	63370	45982
31	2302	1853804	1609972
32	2302	1068160	933735
33	2302	952515	824424
0	2303	63283	45665
31	2303	1846135	1591311
32	2303	1067572	924921
33	2303	948517	812924
0	2304	62814	45453
31	2304	1863538	1607394
32	2304	1079885	936720
33	2304	956358	819492
0	2305	64315	46119
31	2305	1873163	1610058
32	2305	1090162	942344
33	2305	964040	822495
0	2306	63907	45753
31	2306	1871268	1597565
32	2306	1096736	942357
33	2306	964992	816985
0	2307	63677	45323
31	2307	1860832	1580814
32	2307	1099432	938411
33	2307	964959	810045
0	2308	62891	44842
31	2308	1853767	1562590
32	2308	1105661	936597
33	2308	960477	798474
0	2309	62711	44362
31	2309	1843853	1539450
32	2309	1111030	931113
33	2309	960909	789909
0	2310	66732	45844
31	2310	1831984	1509274
32	2310	1105213	913522
33	2310	941157	759591
0	2311	3948989	3206312
31	2311	0	0
32	2311	0	0
33	2311	0	0
0	2312	3928526	3124658
31	2312	0	0
32	2312	0	0
33	2312	0	0
0	2313	1163694	786583
31	2313	1309500	1091029
32	2313	785413	659884
33	2313	658633	537458
0	2314	3900426	2888252
31	2314	0	0
32	2314	0	0
33	2314	0	0
0	2315	3901532	2897776
31	2315	0	0
32	2315	0	0
33	2315	0	0
0	2316	3940253	2992712
31	2316	0	0
32	2316	0	0
33	2316	0	0
