SampleNumber	0	34	35	36	37	38	39	40	41	42	43	44	45	46	47	48	49
SampleName	None	D15GOWT1_1	D15GOWT2_1	D15GOWT3_1	D15GOWT4_1	D15GOWT5_1	D15GOWT6_1	D15GOWT7_1	D15GOWT8_1	D15GOKO1_1	D15GOKO2_1	D15GOKO3_1	D15GOKO4_1	D15GOKO5_1	D15GOKO6_1	D15GOKO7_1	D15GOKO8_1
L7T1101	12.1819	5.516704	5.979649	6.10451	4.893755	5.818291	4.475443	4.643921	5.06438	5.783714	5.232857	5.285061	7.122494	5.204947	5.02404	7.035712	4.632621
L7T1102	100	0	0	0	0	0	0	0	0	0	0	0	0	0	0	0	0
L7T1103	34.67342	1.962427	5.405336	5.06903	3.85978	2.299052	3.763886	3.914394	4.147461	2.354864	4.249343	4.269384	5.979261	4.218523	4.04462	6.081702	3.707516
L7T1104	100	0	0	0	0	0	0	0	0	0	0	0	0	0	0	0	0
L7T1105	75.74709	1.720342	1.619443	1.474015	1.501028	1.510896	1.160216	1.179212	1.267036	1.605011	1.313908	1.375706	1.842457	1.324886	1.638192	2.30341	1.417151
L7T1106	53.31416	4.158866	3.111939	4.72597	2.097929	2.67168	1.915435	1.832873	2.252867	2.229278	2.004323	2.2875	5.270664	2.296399	2.303369	5.672107	1.85464
L7T1107	57.29739	4.279862	1.625645	4.546414	1.98672	2.694958	1.124214	1.757927	2.117015	2.326927	1.203335	2.310035	4.860538	2.255756	2.361706	5.421341	1.830217
L7T1108	22.79174	4.74289	5.739902	5.243185	3.847699	5.444348	3.61709	3.962453	4.568696	5.653492	4.776739	4.202969	6.649953	4.229112	4.413213	6.31147	3.805045
L7T1109	72.98772	1.957689	2.172611	1.787928	1.411512	1.616353	1.179049	1.277034	1.619378	1.859905	1.439536	1.511513	1.905269	1.479053	1.777848	2.529673	1.487924
L7T1110	50.19668	4.081427	2.572939	2.162553	2.871929	4.578068	1.584686	3.503947	1.837261	2.437562	3.797522	1.663592	6.054453	1.639611	3.247117	5.159029	2.611618
L7T1111	14.48576	5.162991	6.93742	5.263376	4.034214	6.144217	3.755366	4.664251	4.730537	6.454296	5.227365	4.383491	7.97346	4.516063	4.983891	7.423094	3.860213
L7T1112	100	0	0	0	0	0	0	0	0	0	0	0	0	0	0	0	0
L7T1113	16.80001	5.064374	7.080929	5.118455	3.715722	6.101382	3.705244	4.565812	4.462381	6.672278	5.356413	4.004381	7.864432	3.926639	4.882525	7.006906	3.672119
L7T1114	75.6248	1.302396	1.572342	1.766349	1.27691	1.619153	0.9393481	1.552577	1.455833	1.766869	1.337765	1.372093	2.26723	1.313319	1.630076	2.107032	1.095906
L7T1115	36.27073	4.087377	3.684161	3.839193	2.978202	5.019562	1.857717	3.597663	4.259708	5.993	2.903015	2.964895	6.344982	3.531791	4.41607	5.533894	2.718042
L7T1116	48.97589	2.847302	3.993111	2.886338	2.572522	3.385381	2.594719	2.894757	2.926139	3.761959	4.000765	2.546498	3.909682	2.711825	3.435897	4.22809	2.329124
L7T1201	10.98389	5.541348	5.895069	6.219836	5.344241	5.868486	4.784553	4.725617	5.177942	5.653863	5.320646	5.625528	6.730686	5.525996	5.10592	6.689575	4.806809
L7T1202	3.114498	5.975112	6.868303	6.717245	5.807506	6.465483	4.998472	5.01983	5.545136	6.13409	5.99449	6.054601	7.367726	5.895482	5.678514	7.016107	5.347404
L7T1203	47.90564	4.216856	2.640951	2.725049	3.722058	4.283089	1.795414	3.681672	2.107288	2.123727	3.670649	2.088188	5.396314	1.811948	3.531151	5.038922	3.261089
L7T1204	28.96865	5.028279	5.804556	6.008172	4.776483	5.303772	3.945288	1.041999	4.600271	1.475959	1.243031	4.947529	6.531866	4.963028	4.86678	6.399005	4.095332
L7T1205	5.590237	5.851909	6.93141	6.560031	5.403636	6.371608	4.879795	4.758488	5.5793	6.065357	5.882402	5.705081	7.326487	5.573997	5.493291	6.903238	5.123735
L7T1206	22.87455	4.770339	5.252196	5.429308	4.389935	5.082467	4.043765	4.282248	4.665816	5.026083	4.600802	4.722776	5.935139	4.515937	4.377277	5.978674	4.052683
L7T1207	20.09704	5.143595	5.5389	5.633001	4.384351	5.326368	4.097825	4.149701	4.826707	5.230457	4.980526	4.703652	6.267983	4.712298	4.636293	6.107127	4.164178
L7T1208	100	0	0	0	0	0	0	0	0	0	0	0	0	0	0	0	0
L7T1209	100	0	0	0	0	0	0	0	0	0	0	0	0	0	0	0	0
L7T1210	45.00093	4.461419	3.646537	4.764563	2.654042	3.711974	2.422211	2.612377	3.116103	3.129457	2.872519	2.67995	5.40023	2.904036	2.729361	5.504661	2.389626
L7T1211	100	0	0	0	0	0	0	0	0	0	0	0	0	0	0	0	0
L7T1212	100	0	0	0	0	0	0	0	0	0	0	0	0	0	0	0	0
L7T1213	100	0	0	0	0	0	0	0	0	0	0	0	0	0	0	0	0
L7T1214	10.74698	5.269418	7.407641	5.459542	4.251216	6.54262	3.919625	5.118039	4.861236	6.645342	5.740674	4.438638	8.235718	4.445846	5.341503	7.476122	4.099838
L7T1215	79.67791	1.10652	1.173357	1.447599	0.9601154	1.298012	0.7261868	1.385537	1.309682	1.297482	1.123494	1.139408	1.952588	1.202001	1.334083	1.843316	1.022709
L7T1216	0	0	0	0	0	0	0	0	0	0	0	0	0	0	0	0	0
L7T1301	100	0	0	0	0	0	0	0	0	0	0	0	0	0	0	0	0
L7T1302	14.69219	5.278685	5.97641	6.071687	4.795819	5.698141	4.400668	4.524464	4.944352	5.638188	4.88267	5.129396	6.962234	4.92091	4.847022	6.791881	4.445282
L7T1303	100	0	0	0	0	0	0	0	0	0	0	0	0	0	0	0	0
L7T1304	50.40909	4.232753	2.141465	2.078745	3.541894	4.21216	1.484788	3.580049	1.656745	1.975675	3.56186	1.700858	5.802945	1.569041	3.510639	5.297109	3.244184
L7T1305	40.63263	2.011353	5.104596	3.793752	3.797475	2.278774	3.524676	2.923441	3.937597	2.380325	3.978445	3.101102	6.179247	4.198504	3.134814	6.276868	2.746401
L7T1306	100	0	0	0	0	0	0	0	0	0	0	0	0	0	0	0	0
L7T1307	10.69236	5.482766	6.593699	5.935546	4.632546	6.139361	4.131925	4.715204	5.058859	6.373324	5.168692	5.077825	8.040219	4.827868	5.062963	7.587156	4.479684
L7T1308	50.53956	2.83397	3.095948	2.693463	2.320115	4.447147	1.983805	3.668724	2.284632	3.033399	3.583643	2.311568	6.541415	2.137003	2.467227	4.003869	2.054512
L7T1309	100	0	0	0	0	0	0	0	0	0	0	0	0	0	0	0	0
L7T1310	100	0	0	0	0	0	0	0	0	0	0	0	0	0	0	0	0
L7T1311	100	0	0	0	0	0	0	0	0	0	0	0	0	0	0	0	0
L7T1312	16.86786	4.993271	6.93464	4.984718	3.730484	5.935586	3.425693	4.522541	4.62832	6.501545	4.850427	4.109976	8.528164	3.944892	4.758049	7.653137	3.630692
L7T1313	20.66208	4.880309	6.671458	4.68288	3.30737	5.989981	3.226407	4.285424	4.33911	6.436795	4.657768	3.768038	8.058224	3.657634	4.564249	7.302279	3.509995
L7T1314	25.7323	4.564977	5.51409	4.496647	3.137554	5.581294	2.728699	4.346471	3.968403	6.391494	4.090796	3.571187	7.827928	3.453674	4.46023	7.024486	3.109771
L7T1315	100	0	0	0	0	0	0	0	0	0	0	0	0	0	0	0	0
L7T1316	55.53252	2.086033	2.234315	1.576401	1.70021	3.705623	2.062998	2.941176	1.595117	4.536293	3.043391	2.29622	5.641934	2.96709	2.790015	3.737295	1.553367
L7T2101	100	0	0	0	0	0	0	0	0	0	0	0	0	0	0	0	0
L7T2102	100	0	0	0	0	0	0	0	0	0	0	0	0	0	0	0	0
L7T2103	100	0	0	0	0	0	0	0	0	0	0	0	0	0	0	0	0
L7T2104	100	0	0	0	0	0	0	0	0	0	0	0	0	0	0	0	0
L7T2105	100	0	0	0	0	0	0	0	0	0	0	0	0	0	0	0	0
L7T2106	19.06648	4.921919	5.85887	5.531311	4.214543	5.452503	4.013836	4.512707	4.464559	5.501916	4.78685	4.514604	7.093986	4.686338	4.647777	6.814154	3.917644
L7T2107	30.41623	4.368059	5.635733	5.303994	4.069727	5.258813	3.073551	2.925411	4.417622	5.245395	3.349019	4.079995	6.384645	4.169536	4.286323	4.290293	2.725656
L7T2108	100	0	0	0	0	0	0	0	0	0	0	0	0	0	0	0	0
L7T2109	100	0	0	0	0	0	0	0	0	0	0	0	0	0	0	0	0
L7T2110	24.09905	4.755666	5.849491	4.817527	3.660572	5.318123	3.569525	4.178933	4.311854	5.578255	4.613862	3.824899	7.086707	4.095183	4.271248	6.578814	3.390288
L7T2111	100	0	0	0	0	0	0	0	0	0	0	0	0	0	0	0	0
L7T2112	100	0	0	0	0	0	0	0	0	0	0	0	0	0	0	0	0
L7T2113	100	0	0	0	0	0	0	0	0	0	0	0	0	0	0	0	0
L7T2114	100	0	0	0	0	0	0	0	0	0	0	0	0	0	0	0	0
L7T2115	100	0	0	0	0	0	0	0	0	0	0	0	0	0	0	0	0
L7T2116	0	0	0	0	0	0	0	0	0	0	0	0	0	0	0	0	0
L7T2201	100	0	0	0	0	0	0	0	0	0	0	0	0	0	0	0	0
L7T2202	10.10417	5.475022	6.120823	6.358276	5.358088	5.744422	4.861681	4.935302	5.088586	5.548439	5.284979	5.638239	6.955644	5.580693	5.267572	6.818026	4.860042
L7T2203	100	0	0	0	0	0	0	0	0	0	0	0	0	0	0	0	0
L7T2204	9.334789	5.53973	6.29617	6.330498	5.359582	5.755928	4.777215	5.040804	5.142574	5.755017	5.279584	5.561502	7.137165	5.526465	5.315026	7.049977	4.797974
L7T2205	100	0	0	0	0	0	0	0	0	0	0	0	0	0	0	0	0
L7T2206	12.46702	5.426708	6.076369	6.151394	5.024744	5.7833	4.515163	4.704195	4.984356	5.731025	5.137856	5.209047	7.057443	5.339925	5.066027	6.776771	4.54865
L7T2207	31.23455	5.051321	2.573145	5.238685	4.116517	5.289529	1.851128	4.129956	4.091095	5.260299	2.0339	4.367381	6.07471	4.529546	4.338599	6.065863	3.753773
L7T2208	78.19667	1.08675	1.435195	1.409775	1.196864	1.38361	0.8723515	1.205048	1.396878	1.622065	1.291353	0.989285	2.180445	1.499676	1.475123	1.720523	1.03839
L7T2209	100	0	0	0	0	0	0	0	0	0	0	0	0	0	0	0	0
L7T2210	26.9457	4.932751	4.913852	4.813895	3.88149	4.909298	3.62784	3.83413	4.492847	4.947323	4.280181	3.964143	6.4501	4.238969	4.166562	5.987654	3.613267
L7T2211	54.97214	4.33032	3.131885	4.507199	2.0499	2.020024	1.651666	1.317938	2.683406	2.41588	1.414017	2.029869	3.528082	3.219476	3.019851	5.479187	2.229156
L7T2212	56.99906	2.205525	3.831811	2.199273	1.823043	2.553805	1.585831	1.95397	3.298174	2.946953	2.322109	2.829634	3.186372	2.28239	3.116863	4.516233	2.348956
L7T2213	100	0	0	0	0	0	0	0	0	0	0	0	0	0	0	0	0
L7T2214	100	0	0	0	0	0	0	0	0	0	0	0	0	0	0	0	0
L7T2215	100	0	0	0	0	0	0	0	0	0	0	0	0	0	0	0	0
L7T2216	0	0	0	0	0	0	0	0	0	0	0	0	0	0	0	0	0
L7T2301	100	0	0	0	0	0	0	0	0	0	0	0	0	0	0	0	0
L7T2302	100	0	0	0	0	0	0	0	0	0	0	0	0	0	0	0	0
L7T2303	100	0	0	0	0	0	0	0	0	0	0	0	0	0	0	0	0
L7T2304	16.62513	5.193168	5.532602	5.836463	4.674676	5.593315	4.113556	4.514498	4.851945	5.744749	4.566565	4.928258	7.060256	4.92478	4.845088	6.677299	4.317653
L7T2305	100	0	0	0	0	0	0	0	0	0	0	0	0	0	0	0	0
L7T2306	100	0	0	0	0	0	0	0	0	0	0	0	0	0	0	0	0
L7T2307	30.50805	5.147615	2.806941	5.079118	3.997706	5.398934	1.95927	4.065355	4.026075	5.551083	2.15761	4.296549	6.30601	4.338739	4.267938	6.420819	3.672192
L7T2308	100	0	0	0	0	0	0	0	0	0	0	0	0	0	0	0	0
L7T2309	100	0	0	0	0	0	0	0	0	0	0	0	0	0	0	0	0
L7T2310	100	0	0	0	0	0	0	0	0	0	0	0	0	0	0	0	0
L7T2311	100	0	0	0	0	0	0	0	0	0	0	0	0	0	0	0	0
L7T2312	100	0	0	0	0	0	0	0	0	0	0	0	0	0	0	0	0
L7T2313	100	0	0	0	0	0	0	0	0	0	0	0	0	0	0	0	0
L7T2314	100	0	0	0	0	0	0	0	0	0	0	0	0	0	0	0	0
L7T2315	67.46288	1.869645	1.879687	2.09057	1.969609	1.951351	1.293141	1.808937	2.015255	2.285933	2.086918	1.651916	2.657032	1.917117	2.52466	2.878414	1.656937
L7T2316	0	0	0	0	0	0	0	0	0	0	0	0	0	0	0	0	0

### Most Popular Unknown Index Sequences
### Columns: Index_Sequence Hit_Count
NNNNNN	6049949
NTNNNN	910809
NGNNNN	909459
NCNNNN	731653
NGNTNN	648027
NANNNN	569507
NTNGNN	533134
NGNCNN	475066
NCNTNN	457524
NTNTNN	453064
NANCNN	396794
NNNNCN	365351
NCNGNN	339678
NNNNTN	318308
NTNANN	306349
NNNNAN	293765
NGNTNC	265589
NGNGNN	260680
NNNNGN	259442
NGNCNA	252687
NCNANN	243822
ANNNNN	238670
NTNCNN	238567
NTTGNA	227229
NANANN	225111
NNNTNN	219215
NNNTNC	206758
NTNNNA	203764
NTGTNA	201345
NNNTNA	199457
CNNNNN	189900
TNNNNN	189811
NANTNN	188286
NTNGNA	187797
NTNTNA	185753
NCNCNN	185207
NGNNNA	175740
NGNANN	174841
NTAGNC	169044
NNNCNN	167286
NGNTNT	165322
NGNNNC	164007
NTNGNC	161298
NGTCNA	159060
NGATNT	158383
NCAGNG	158162
NATCNG	157032
NANCNG	150575
NCNGNG	149352
NGACNA	148220
NNNGNN	147411
NAGCNT	147204
GNNNNN	146526
NTNNNC	144261
NNNTNG	143213
NTCANG	141784
NTNANG	138734
NANGNN	137032
NCTTNA	135910
NNNTNT	135848
NNNCNC	134998
NGTTNC	133000
NCNNNA	132786
NNNCNA	132295
NANCNT	130647
NCNTNA	130401
NAGANC	130186
NGCTNC	129028
NCNTNC	127862
NCCANT	125197
NNNANN	123164
NANANC	120641
NNNGNC	120635
NCNNNC	118964
NNNGNA	116738
NCNANT	115141
NGNNNT	112657
NCGTNC	110812
NGTCCA	108297
NTNNNG	107580
NGCTCC	106797
NCNNNG	100673
NANNNC	97405
NATCCG	96701
NNNCNG	96649
NTNNTA	94993
NTNNCA	94492
NNNANC	94239
NTGTNN	92612
NNNANA	90755
NNNCNT	90210
NCNNNT	88204
NTTGNN	87070
NTNNGC	86889
NGNNGT	86098
NNNGNG	85087
NGATNN	84393
NANNNG	82428
NANNNA	80013
NNNGNT	79496
NCTCAG	79427
NCNNTG	77605
NGATAT	77571
NTAGAC	76368
NTNTCA	75918
NGNNNG	75903
NGTTAC	75658
NGTTNN	75436
NTNNCG	75322
NGNNAA	75236
NTNNNT	74286
NGNNAC	74210
NANNAG	74209
NATCNN	73776
NTTGTN	73762
NANNNT	73610
NAGCNN	73453
NTAGNN	73307
NTGTCN	73265
NGNNCA	72607
NTGTAA	72400
NGNNCC	72317
NGACAA	72283
NCTTNN	72152
NGATGG	71788
NCAGNN	71126
NCCACT	71074
NANNTT	69654
NTAGTC	69046
NGGTCC	68359
NCNNGA	67940
NGCTNN	67014
NNNANG	66408
NGTCAG	66331
NGACNN	66307
NANNTC	66276
NGNTGT	66154
NCGCTT	65567
NCNNCC	65180
NGTCNN	64661
NTCANN	63746
NCNNAT	63183
NGATGN	62889
NNNANT	62305
NTAGGN	62187
NGATTT	61680
NAGANN	61490
NCGATC	60939
NGNTAC	60743
NGNTCC	60508
NTCACT	60319
NCTTAA	59629
NATCAT	59385
NCTTCC	58854
NAGCTG	58716
NCGTNN	58412
NATCAN	58280
NCAGTT	58180
NATCGG	58180
NCNTGA	56945
NNNTCN	56252
NCAGTN	56082
NCTTTA	55753
NTCACN	54769
NTCAAG	54759
NTGTGA	54204
NGCTGC	53801
NTGGTA	53111
NTTGGA	52800
NCCAAG	51539
NCAGGG	51536
NCTTGN	51237
NCCANN	50926
NGTCAN	50915
NNNTTN	50819
NAGCTN	50662
NGCTAN	50500
NTNGTA	50118
NGTTCN	50032
NCGTAC	48929
NGTCGA	48673
NAGATN	48208
NCNTCC	47767
NGACCN	47467
NANCAG	47164
NCGTCN	46422
NNNTAN	46068
NAGCGT	45661
NGTTGC	45599
NGTGTA	44992
NCCAGT	44814
NCAGAG	44579
NTTTCA	44573
NGATCT	44070
NCCAAN	43875
NTNGGC	43834
NTGTTA	43014
NAGCAT	42933
NGNCAA	42866
NTGTCC	42341
NTAGCC	42291
NTTGAA	41950
NGAGTG	41634
NGCTGT	41625
NAGCTC	41512
NNNTGN	41387
NATCTG	41031
NTTGTT	40447
NGTTGA	40007
NCNGTG	39973
NTTGTC	39874
NGNCCA	39809
NGTTGT	39662
NTNACG	38670
NCAGTC	38468
NATCAC	38260
NCTTCA	38238
NCCTAC	38131
NCTTGT	38026
NANCTT	37940
NTGGNA	37690
NNNCCN	37441
NTTGCA	37266
NGACGA	37020
NCGTGC	36929
NGGTGT	36850
NTAGGG	36655
NCAGCG	36383
NTCTCA	36129
NCTTGC	36027
NCATGT	36021
NTCAGG	36005
NTTGTG	35687
NNNGCN	35446
NAGATT	35244
NAGAGC	35136
NATCAA	35017
NTAGTA	34789
NGATGC	34639
NNNCTN	34242
NTATCA	33893
NAAGTG	33350
NTCACC	33333
NCTGNA	33048
NCNAAT	32997
NCTGTA	32995
NCGGTG	32897
NAGCCT	32620
NAGTCC	32584
NGTTTC	32544
NATCTT	32382
NGGCTT	32197
NGTCTA	32196
NCTGTG	31971
NANATC	31863
NGGATC	31775
NNNGTN	31517
NTAGGT	31500
NTCGTA	31437
NAGAAC	31425
NCTCAA	31299
NCGTCA	30971
NNNCAN	30537
NGCTTC	30439
NGGCAA	30267
NTCATG	30028
NGCAAT	29823
NACTAC	29778
NGTTNA	29595
NNNGAN	29352
NAGATG	29317
NCACCA	29300
NCAGNC	29082
NTTTNA	29047
NGACTA	28584
NCCGTG	28572
NAGCAG	28266
NCGTTC	28251
NTGTCT	28182
NCTTGG	28062
NNNCGN	27671
NTGACG	27318
NGTTCG	27195
NCGTCG	27048
NCCATT	26825
NAATGT	26661
NGCTAG	26479
NTAGNG	26432
NTGGGC	26345
NGCCAA	26246
NGATCC	26242
NNNGGN	26192
NATTCC	26134
NTCGGC	25996
NAGACC	25975
NGACCT	25844
NTAACG	25797
NGCTAT	25791
NACAAT	25672
NCGTCT	25634
NNNACN	25451
NATTGA	25370
NGGTCA	25294
NGAGNT	25271
NGTTCA	25222
NATATC	24846
NTTGGC	24579
NGGCCA	24460
NGTTCT	24457
NATCNC	24272
NGACCC	23592
NAACCA	23395
NTAGGA	23366
NNNATN	23005
NCGAAT	22836
NGCCCA	22774
NTACCA	22653
NGACGT	22609
NATGTA	22503
NAGTNC	21863
NGGTAC	21856
NCTTNC	21602
NTGTCG	21389
NTTACG	21256
NTCANC	21177
NNNAAN	21170
NTCANT	21119
NCCTCC	21050
NGATAC	20998
NTTTCC	20916
NACCTT	20769
NCGTGA	20581
NGTCAT	20467
NGAGGT	20465
NGATGA	20456
NAACTT	20317
NCAAAT	20257
NTAGNA	20132
NGCGNC	20127
NTCTAC	20045
NATCNT	19797
AGNTCN	19749
NTATGT	19728
NGATNC	19696
NGACCG	19590
NACATC	19302
NTNCTA	19235
NCGTNA	19121
NNNAGN	18963
NCTAAT	18423
NNTGNA	18376
NGGTNC	18242
NAGCTA	18230
NGTGNC	18216
NAACAG	18168
NNGTNA	18118
NCGGNC	18098
NTTCAA	18017
NACCAG	17978
NCATCC	17935
NCCAAC	17836
NGCTAA	17792
NAGCNG	17487
NTTGNC	17396
NAGATA	17301
NTNCCG	17132
NGAGNN	17117
NGACNT	17078
AGNTAN	17022
NGAGGC	16967
NTNTNC	16765
NGTGNA	16761
NGCACG	16712
NANGAG	16699
NTNTTA	16667
NGTTNT	16626
NGATNA	16532
NGTCAC	16495
NTGTNC	16315
NAAATC	16269
NTNCGC	16167
NTNGCG	15971
AGNTTN	15970
NNTCNG	15947
NGTTNG	15819
CGNTCN	15678
NTNATA	15644
NATTNG	15633
NGTCNG	15629
NCCANG	15526
TGNTCN	15458
NTTTNN	15364
NNAGNG	15282
NCTCNA	15279
ATNGTN	15262
NANCTC	15180
NGCTNG	15176
NANGTC	15094
NCAGNT	15093
AGNTGN	15064
NGNGAA	15061
NCNCTG	15026
NAGGNN	14828
NANGTT	14684
NNTTNA	14658
NTATNC	14623
NTAGTG	14469
NNATNT	14404
NGCTNT	14318
NGAAGT	14232
ATNGCN	14186
NNTTNC	14173
NAGCNC	14173
NTCTNG	14103
NTCCCG	14049
NGNGCA	14026
NTTCAG	13992
NTGCNA	13972
NAGTNT	13949
NTNAGC	13938
NTGCCA	13904
NANAAG	13874
NGNTNA	13803
NCNCAT	13765
NAGANG	13732
NGTCNC	13702
NGTGNN	13587
CGNTAN	13539
NTTCNN	13461
NTATGC	13389
TGNTAN	13339
NCGTNG	13333
NNAGNC	13318
NCGANC	13299
NAGTNN	13290
AGNCCN	13270
NNCANG	13190
NTGGNN	13042
NCNGAT	13026
NGATNG	12913
NNGCNT	12766
CGNTTN	12765
NTNGCA	12759
NCATGA	12739
NCNATG	12636
NGGCNA	12625
NGTTAA	12562
NGGTNA	12550
ACNTCN	12516
TGNTTN	12505
NNGTNC	12475
NCAGTA	12473
GGNTCN	12453
ATNGAN	12393
NNTCNA	12372
NNCTNC	12371
NTCACA	12365
NANATT	12348
CTNGTN	12302
ATNGGN	12243
NCTCNG	12204
NGNAAA	12197
TTNGTN	12169
NTGGCA	12074
NTGANA	12044
NCCAAA	12037
CGNTGN	11936
AANCTN	11875
NCCTNT	11862
AANCCN	11860
NTTTGA	11773
AANCAN	11724
TGNTGN	11718
NCCTNC	11677
NGNACA	11669
NAGTTC	11613
NTTCNA	11564
NCCACG	11554
NTTGNG	11552
AGNCAN	11544
NCTTNG	11471
NNGANC	11459
NGANNA	11344
TTNGCN	11308
NGNGGT	11300
CTNGCN	11194
NGAANN	11121
NGCCNA	11095
NTGACA	10946
NCTGNG	10771
NNACNA	10756
NTCGNN	10662
NATGNN	10629
NCATNN	10588
CGNCCN	10568
GGNTAN	10489
NNCANT	10460
NAGNNC	10432
ATNTCN	10406
AGNCTN	10404
NTTTTA	10355
NTTCNG	10336
NTATNN	10313
NGTNNA	10283
NGAANT	10274
NTNCNA	10266
NGTNNC	10228
NGANNC	10222
TGNCCN	10212
NCACNN	10200
NTTNNA	10179
NCATNG	10165
NTCAAT	10148
NCTGNN	10124
NAGTCA	10121
NTGCNN	10110
NTACNN	10086
GGNTTN	10038
CCNTCN	10018
NGAGNC	9937
CTNGGN	9932
NGGTNT	9896
TCNTCN	9892
NTNTGC	9879
CTNGAN	9859
NCCTGA	9823
NTCTNN	9765
ACNTTN	9750
GTNGTN	9721
NTATNA	9670
TTNGGN	9643
NGATCA	9641
TTNGAN	9579
NTCGNA	9555
NCTCNN	9554
NTTCTA	9536
NTCCNN	9513
NGAGNG	9508
ACNTGN	9471
GGNTGN	9466
CANCAN	9431
NTCTCG	9426
CANCCN	9423
NAGNNA	9397
NATCNA	9392
NTCTNC	9381
TANCCN	9370
TANCTN	9369
NTTANN	9322
NGNCGT	9307
ACNTAN	9300
NTGGNC	9269
CANCTN	9245
NAGANT	9226
NANTNC	9223
NGCCNC	9199
TANCAN	9172
NGCCAC	9132
NTGCTT	9092
NTGNNA	9085
CGNCAN	9047
TGNCAN	9008
NGNCNT	9001
NTTTNC	8992
NCATNT	8977
NATTNN	8926
AANCGN	8914
NATANN	8890
NGGTNN	8846
NCGCNT	8837
GTNGCN	8834
CTTGNN	8792
NTACGC	8771
NGCTNA	8748
NGANNT	8718
NTCTNA	8678
ATGTNN	8638
NGACNC	8636
NTGANN	8625
NTACNA	8613
NCNTTG	8584
AGNCGN	8530
NATGNA	8523
NCAGGC	8507
NGCANT	8499
NGTANN	8453
NTATNT	8426
CTNTCN	8408
NCGCCC	8390
NCGACC	8388
NATAAG	8386
TAGCNN	8356
GATCNN	8348
NGGCNT	8319
NTCGNC	8277
GGNCCN	8264
NCNTNT	8203
TTNTCN	8189
NGCANG	8174
NGTCCC	8167
CGNCTN	8135
NTNCCA	8127
NGACNG	8093
NGCCNN	8091
NATTAG	8062
NTTNNC	8058
TGNCTN	8053
NCTTNT	8030
NCCCAT	8024
TTAGNN	8023
NGNCNC	7968
ATNACN	7944
NTGANC	7925
NTGNNC	7919
NCGCNC	7917
NTGTNG	7870
NCCTNN	7837
NGANNG	7808
GTNGAN	7801
GCNTCN	7788
CCNTTN	7786
NGCANC	7739
NTGGTC	7738
NCGGNG	7721
NTAGNT	7708
NTGATC	7699
NCGGCC	7680
NAGNNT	7678
ACNGTN	7678
NTAAGC	7637
NAGTNA	7631
CCNTAN	7624
NCTCGA	7620
NTAANN	7612
GTNGGN	7591
TCNTTN	7545
CGATNN	7543
NCGTNT	7539
CCNTGN	7535
TCNTAN	7533
TCNTGN	7523
NAGGTC	7480
NCNGNA	7465
NTNGGA	7464
GANCAN	7458
GANCCN	7444
NCAANN	7396
GANCTN	7380
NCCGNN	7365
NCGGNN	7339
NTGCNT	7318
NGCAAC	7311
ATNTTN	7268
NCNCNA	7267
NCCTAT	7246
NGNTTC	7210
ACAGNN	7172
NGNGNA	7149
NCTNNA	7138
NGNAGT	7122
GGNCAN	7096
NTANNC	7086
NTCTCC	7052
NTNGNG	7049
NAGNNG	7041
AGTTNN	7035
NATTNC	7023
NCTGGA	7014
NCGCNN	7011
ATNTAN	6932
NCCGNG	6925
NCACTG	6919
NACACG	6894
CANCGN	6853
TANCGN	6839
NCTTAC	6813
ACTTNN	6813
NCCANC	6805
NCATGG	6801
NGCANN	6755
NCCCNN	6748
NGTNNG	6736
NAGANA	6726
NCACNA	6697
CGNCGN	6686
NTNNCC	6662
TGNCGN	6604
NAAGNG	6604
TGACNN	6594
GTNTCN	6576
NGGANC	6565
ATCANN	6553
NGNTGC	6536
NGCAAG	6529
NGTGAA	6528
NATNNG	6522
NGNANT	6518
NGTNNT	6462
CTNACN	6459
NATNNA	6435
NACANG	6435
NANCNA	6429
NAACNG	6427
NCTTTC	6394
NAACNT	6336
NGTANC	6325
NGGTCT	6317
NCANNG	6294
NTNACA	6277
CAGANN	6277
NTTNNG	6265
GGNCTN	6257
TTNACN	6244
GCNTTN	6239
NCTCAT	6235
NCTANA	6225
ATNTGN	6208
NATNNC	6197
ACNGCN	6159
NGTCCG	6147
NAGTTT	6125
NCNGCC	6111
CCNGTN	6095
NGNCTA	6078
AANATN	6064
NCTGTT	6048
NGTAAA	6035
NCGANN	6023
NTTGNT	6018
NCANNA	6004
NCGCTG	6001
NGTCNT	5978
NTTANG	5974
NACANT	5972
NGNGAC	5956
GCNTAN	5948
NCTNNC	5943
NTGTNT	5935
NAGGTT	5930
NTAANG	5929
NCTANT	5928
TCNGTN	5919
GGCTNN	5895
NCTCTT	5875
NGAACA	5872
AGTCNN	5864
NGCNNC	5861
NACCNG	5849
NACCNT	5847
NTNCNG	5843
GCNTGN	5842
NGCGAC	5839
NACTNC	5830
NTGANG	5816
NTCNNG	5815
NCGANT	5795
NTANNA	5790
NCANNC	5747
NTAGCA	5746
NAATNT	5727
TTNTTN	5724
NAGCNA	5723
NATTNA	5720
CTNTTN	5718
NTGNNG	5700
NGNCAC	5699
NTCGCG	5682
CTNTAN	5636
NANANT	5625
NTTNNT	5577
ACNGAN	5567
NCGGTC	5557
NGAGTT	5534
NTCNNA	5527
NTTATA	5519
NGGCTA	5512
TTNTAN	5502
ATNAAN	5498
NCAANT	5495
GANCGN	5494
ATNATN	5472
NCGATT	5443
NTGNNT	5442
ACNAAN	5428
ACNACN	5426
NTCNNC	5423
NCTANN	5420
NCGNNC	5410
NCATNC	5391
NGNGNC	5372
NATGAG	5352
GGNCGN	5340
NGNGCC	5305
NCNCNG	5282
AANACN	5257
CCGTNN	5214
NTNTGA	5210
NCNTGC	5193
NCNCNT	5185
NCNGGG	5166
NATANC	5154
NGNCCC	5143
NGNCNG	5127
ACNGGN	5109
NCNGNC	5107
NGACAT	5083
NGCGNN	5074
NGCAGT	5068
NTCCNG	5067
NAACNA	5050
NGGCNN	5044
TTNTGN	5031
NACANC	5029
NACAAG	5015
TCNGCN	5010
NCATTG	5009
GCCANN	4980
NCNGGA	4971
CTNTGN	4944
NCAATG	4928
GTNACN	4902
NANCTG	4896
CCNGCN	4883
NGGTGC	4856
NCNCCC	4841
NAAGNC	4838
CANATN	4830
NTNTNT	4812
GCNGTN	4803
NAAGGC	4766
NTNANC	4757
NGGCTG	4748
NCGTGT	4745
ACNATN	4714
AANAAN	4711
NGGTTC	4695
NCTNNG	4694
NCAGGT	4692
NCNTNG	4680
NGNTCA	4656
NTNGTC	4643
NTTCCA	4637
NCATGC	4633
NGGCTC	4623
TANATN	4608
NGTGTC	4586
NCTTCG	4573
CCNAAN	4554
NCTCTG	4541
ATNAGN	4535
NGAGGG	4520
NTCGNG	4515
NAGCCG	4501
CCNGAN	4487
NANCGT	4476
NATCTA	4471
NATNNT	4457
NGAGCA	4456
NGACTT	4455
NTANNG	4449
NTCANA	4443
GTNTTN	4441
NCGCTC	4435
NCAGNA	4411
NCNTCA	4402
NCNANC	4402
NTAANC	4381
NANCNC	4367
TCNGAN	4362
NGGTCN	4360
TTNATN	4351
NCANNT	4346
NGCNNA	4342
CTNATN	4340
NTCGTG	4337
GTNTAN	4328
NTNNAA	4326
TCNAAN	4321
NACCAT	4321
NCTCCG	4314
NCTNNT	4303
NGNNTA	4299
NAGCAC	4297
NTTCCG	4294
NTNNTC	4284
NTATCC	4272
NGTTAT	4265
NGNGNT	4265
NTACNC	4245
CCNACN	4240
CTNAAN	4230
NTATGA	4221
NGNTCT	4216
NTNANT	4207
NAGCCC	4197
NANANG	4190
CANACN	4188
NCGNNA	4180
TCNACN	4165
TTNAAN	4151
NCATNA	4143
NGAGNA	4140
NTNANA	4133
NCTTCT	4131
NTCGTC	4123
NGAGTA	4111
NCTGNC	4096
NCACNG	4092
TANACN	4071
NCTCCA	4069
NCTTAG	4049
TCNGGN	4046
NGCTCA	4039
NCNACC	4028
AANAGN	4012
NTANNT	4010
NCCNNC	4005
NCTTTG	4001
GCNGCN	3998
NCTGTC	3990
CCNGGN	3972
NTCNNT	3962
NTNNGA	3958
NCCNNA	3942
NTNTCC	3941
NAGTCT	3938
NATTTC	3933
NATANG	3932
NTGTGC	3911
NATGTG	3910
NCNGCG	3906
NCNANG	3905
NCCNNT	3904
GTNTGN	3886
NCNTTC	3885
ACNAGN	3885
NTCTAA	3870
NGCACT	3869
NAACNN	3863
NTTTCN	3858
NTGACC	3857
NAGTGT	3841
NAAANC	3822
NAGCCA	3820
NTTTAA	3813
NTCGAC	3810
NGACAC	3807
NANCAT	3799
GANATN	3794
NANTNT	3793
NATTGT	3790
NTTTGC	3781
NGTGCC	3781
NAGTAC	3776
NTAGCG	3764
NCTCTA	3743
TANAAN	3736
CANAAN	3736
NTNGAA	3731
NTAGTN	3729
NGACAG	3719
NANCCT	3717
NGNAAC	3710
TTNAGN	3707
NTTTCG	3705
CCNATN	3696
NGNTAA	3694
NAACGT	3654
NGCTCG	3647
NGTTTA	3643
NTNTAA	3642
NCAGCC	3620
TCNATN	3608
NGTTGG	3607
CTNAGN	3605
NGGTAA	3603
NTNGNT	3595
NATGNG	3591
NCNNCA	3586
NGCTCT	3583
GCNAAN	3581
NCNTAC	3564
NANGNG	3564
NTAGTT	3551
NGNNTC	3543
NCCGAG	3531
NGTTAG	3528
NCCTGC	3516
NCCGAT	3514
NGNANC	3508
NANGNA	3502
NAGCAA	3502
NTNNAG	3485
NTNATG	3485
NANNCC	3484
NACANN	3484
GCNGAN	3484
NNGTNT	3474
NGTGTT	3470
NCTCNT	3464
